100 1
0.000000000000000000e+00
0.000000000000000000e+00
0.000000000000000000e+00
0.000000000000000000e+00
0.000000000000000000e+00
0.000000000000000000e+00
0.000000000000000000e+00
0.000000000000000000e+00
0.000000000000000000e+00
0.000000000000000000e+00
0.000000000000000000e+00
0.000000000000000000e+00
0.000000000000000000e+00
0.000000000000000000e+00
0.000000000000000000e+00
0.000000000000000000e+00
0.000000000000000000e+00
0.000000000000000000e+00
0.000000000000000000e+00
0.000000000000000000e+00
0.000000000000000000e+00
0.000000000000000000e+00
0.000000000000000000e+00
0.000000000000000000e+00
0.000000000000000000e+00
0.000000000000000000e+00
0.000000000000000000e+00
0.000000000000000000e+00
0.000000000000000000e+00
0.000000000000000000e+00
0.000000000000000000e+00
0.000000000000000000e+00
0.000000000000000000e+00
0.000000000000000000e+00
0.000000000000000000e+00
0.000000000000000000e+00
0.000000000000000000e+00
0.000000000000000000e+00
0.000000000000000000e+00
0.000000000000000000e+00
0.000000000000000000e+00
0.000000000000000000e+00
0.000000000000000000e+00
0.000000000000000000e+00
0.000000000000000000e+00
0.000000000000000000e+00
0.000000000000000000e+00
0.000000000000000000e+00
0.000000000000000000e+00
0.000000000000000000e+00
0.000000000000000000e+00
1.000000000000000000e+00
0.000000000000000000e+00
0.000000000000000000e+00
0.000000000000000000e+00
0.000000000000000000e+00
0.000000000000000000e+00
0.000000000000000000e+00
0.000000000000000000e+00
0.000000000000000000e+00
0.000000000000000000e+00
0.000000000000000000e+00
0.000000000000000000e+00
0.000000000000000000e+00
0.000000000000000000e+00
0.000000000000000000e+00
0.000000000000000000e+00
0.000000000000000000e+00
0.000000000000000000e+00
0.000000000000000000e+00
0.000000000000000000e+00
0.000000000000000000e+00
0.000000000000000000e+00
0.000000000000000000e+00
0.000000000000000000e+00
0.000000000000000000e+00
0.000000000000000000e+00
0.000000000000000000e+00
0.000000000000000000e+00
0.000000000000000000e+00
0.000000000000000000e+00
0.000000000000000000e+00
0.000000000000000000e+00
0.000000000000000000e+00
0.000000000000000000e+00
0.000000000000000000e+00
0.000000000000000000e+00
0.000000000000000000e+00
0.000000000000000000e+00
0.000000000000000000e+00
0.000000000000000000e+00
0.000000000000000000e+00
0.000000000000000000e+00
0.000000000000000000e+00
0.000000000000000000e+00
0.000000000000000000e+00
0.000000000000000000e+00
0.000000000000000000e+00
0.000000000000000000e+00
0.000000000000000000e+00

100 1
0.000000000000000000e+00
0.000000000000000000e+00
0.000000000000000000e+00
0.000000000000000000e+00
0.000000000000000000e+00
0.000000000000000000e+00
0.000000000000000000e+00
0.000000000000000000e+00
0.000000000000000000e+00
0.000000000000000000e+00
0.000000000000000000e+00
0.000000000000000000e+00
0.000000000000000000e+00
0.000000000000000000e+00
0.000000000000000000e+00
0.000000000000000000e+00
0.000000000000000000e+00
0.000000000000000000e+00
0.000000000000000000e+00
0.000000000000000000e+00
0.000000000000000000e+00
0.000000000000000000e+00
0.000000000000000000e+00
0.000000000000000000e+00
0.000000000000000000e+00
0.000000000000000000e+00
0.000000000000000000e+00
0.000000000000000000e+00
0.000000000000000000e+00
0.000000000000000000e+00
0.000000000000000000e+00
0.000000000000000000e+00
0.000000000000000000e+00
0.000000000000000000e+00
0.000000000000000000e+00
0.000000000000000000e+00
0.000000000000000000e+00
0.000000000000000000e+00
0.000000000000000000e+00
0.000000000000000000e+00
0.000000000000000000e+00
0.000000000000000000e+00
0.000000000000000000e+00
0.000000000000000000e+00
0.000000000000000000e+00
0.000000000000000000e+00
0.000000000000000000e+00
0.000000000000000000e+00
0.000000000000000000e+00
5.221251143251820492e-01
1.938760209372946963e-01
7.780160984294075266e-02
2.061972548945817940e-01
0.000000000000000000e+00
0.000000000000000000e+00
0.000000000000000000e+00
0.000000000000000000e+00
0.000000000000000000e+00
0.000000000000000000e+00
0.000000000000000000e+00
0.000000000000000000e+00
0.000000000000000000e+00
0.000000000000000000e+00
0.000000000000000000e+00
0.000000000000000000e+00
0.000000000000000000e+00
0.000000000000000000e+00
0.000000000000000000e+00
0.000000000000000000e+00
0.000000000000000000e+00
0.000000000000000000e+00
0.000000000000000000e+00
0.000000000000000000e+00
0.000000000000000000e+00
0.000000000000000000e+00
0.000000000000000000e+00
0.000000000000000000e+00
0.000000000000000000e+00
0.000000000000000000e+00
0.000000000000000000e+00
0.000000000000000000e+00
0.000000000000000000e+00
0.000000000000000000e+00
0.000000000000000000e+00
0.000000000000000000e+00
0.000000000000000000e+00
0.000000000000000000e+00
0.000000000000000000e+00
0.000000000000000000e+00
0.000000000000000000e+00
0.000000000000000000e+00
0.000000000000000000e+00
0.000000000000000000e+00
0.000000000000000000e+00
0.000000000000000000e+00
0.000000000000000000e+00
0.000000000000000000e+00
0.000000000000000000e+00
0.000000000000000000e+00
0.000000000000000000e+00

100 1
0.000000000000000000e+00
0.000000000000000000e+00
0.000000000000000000e+00
0.000000000000000000e+00
0.000000000000000000e+00
0.000000000000000000e+00
0.000000000000000000e+00
0.000000000000000000e+00
0.000000000000000000e+00
0.000000000000000000e+00
0.000000000000000000e+00
0.000000000000000000e+00
0.000000000000000000e+00
0.000000000000000000e+00
0.000000000000000000e+00
0.000000000000000000e+00
0.000000000000000000e+00
0.000000000000000000e+00
0.000000000000000000e+00
0.000000000000000000e+00
0.000000000000000000e+00
0.000000000000000000e+00
0.000000000000000000e+00
0.000000000000000000e+00
0.000000000000000000e+00
0.000000000000000000e+00
0.000000000000000000e+00
0.000000000000000000e+00
0.000000000000000000e+00
0.000000000000000000e+00
0.000000000000000000e+00
0.000000000000000000e+00
0.000000000000000000e+00
0.000000000000000000e+00
0.000000000000000000e+00
0.000000000000000000e+00
0.000000000000000000e+00
0.000000000000000000e+00
0.000000000000000000e+00
0.000000000000000000e+00
0.000000000000000000e+00
0.000000000000000000e+00
0.000000000000000000e+00
0.000000000000000000e+00
0.000000000000000000e+00
0.000000000000000000e+00
0.000000000000000000e+00
2.775551763804660621e-01
1.007833611876372826e-01
2.805596069749808907e-01
5.284374568490402685e-02
8.249271641323607795e-02
6.458649716642890504e-02
3.792757638953470761e-02
1.032513198028106455e-01
0.000000000000000000e+00
0.000000000000000000e+00
0.000000000000000000e+00
0.000000000000000000e+00
0.000000000000000000e+00
0.000000000000000000e+00
0.000000000000000000e+00
0.000000000000000000e+00
0.000000000000000000e+00
0.000000000000000000e+00
0.000000000000000000e+00
0.000000000000000000e+00
0.000000000000000000e+00
0.000000000000000000e+00
0.000000000000000000e+00
0.000000000000000000e+00
0.000000000000000000e+00
0.000000000000000000e+00
0.000000000000000000e+00
0.000000000000000000e+00
0.000000000000000000e+00
0.000000000000000000e+00
0.000000000000000000e+00
0.000000000000000000e+00
0.000000000000000000e+00
0.000000000000000000e+00
0.000000000000000000e+00
0.000000000000000000e+00
0.000000000000000000e+00
0.000000000000000000e+00
0.000000000000000000e+00
0.000000000000000000e+00
0.000000000000000000e+00
0.000000000000000000e+00
0.000000000000000000e+00
0.000000000000000000e+00
0.000000000000000000e+00
0.000000000000000000e+00
0.000000000000000000e+00
0.000000000000000000e+00
0.000000000000000000e+00
0.000000000000000000e+00
0.000000000000000000e+00
0.000000000000000000e+00
0.000000000000000000e+00

100 1
0.000000000000000000e+00
0.000000000000000000e+00
0.000000000000000000e+00
0.000000000000000000e+00
0.000000000000000000e+00
0.000000000000000000e+00
0.000000000000000000e+00
0.000000000000000000e+00
0.000000000000000000e+00
0.000000000000000000e+00
0.000000000000000000e+00
0.000000000000000000e+00
0.000000000000000000e+00
0.000000000000000000e+00
0.000000000000000000e+00
0.000000000000000000e+00
0.000000000000000000e+00
0.000000000000000000e+00
0.000000000000000000e+00
0.000000000000000000e+00
0.000000000000000000e+00
0.000000000000000000e+00
0.000000000000000000e+00
0.000000000000000000e+00
0.000000000000000000e+00
0.000000000000000000e+00
0.000000000000000000e+00
0.000000000000000000e+00
0.000000000000000000e+00
0.000000000000000000e+00
0.000000000000000000e+00
0.000000000000000000e+00
0.000000000000000000e+00
0.000000000000000000e+00
0.000000000000000000e+00
0.000000000000000000e+00
0.000000000000000000e+00
0.000000000000000000e+00
0.000000000000000000e+00
0.000000000000000000e+00
0.000000000000000000e+00
0.000000000000000000e+00
0.000000000000000000e+00
0.000000000000000000e+00
0.000000000000000000e+00
1.470722091870088621e-01
4.736920958669683934e-02
3.760627609068707411e-01
4.352231155847423316e-02
6.962320746411627959e-02
7.494717769416109343e-02
3.210015101149030908e-02
4.947196308200914328e-02
2.709960072522359445e-02
5.865295604971970667e-02
1.910502320599484147e-02
5.497342952823202483e-02
0.000000000000000000e+00
0.000000000000000000e+00
0.000000000000000000e+00
0.000000000000000000e+00
0.000000000000000000e+00
0.000000000000000000e+00
0.000000000000000000e+00
0.000000000000000000e+00
0.000000000000000000e+00
0.000000000000000000e+00
0.000000000000000000e+00
0.000000000000000000e+00
0.000000000000000000e+00
0.000000000000000000e+00
0.000000000000000000e+00
0.000000000000000000e+00
0.000000000000000000e+00
0.000000000000000000e+00
0.000000000000000000e+00
0.000000000000000000e+00
0.000000000000000000e+00
0.000000000000000000e+00
0.000000000000000000e+00
0.000000000000000000e+00
0.000000000000000000e+00
0.000000000000000000e+00
0.000000000000000000e+00
0.000000000000000000e+00
0.000000000000000000e+00
0.000000000000000000e+00
0.000000000000000000e+00
0.000000000000000000e+00
0.000000000000000000e+00
0.000000000000000000e+00
0.000000000000000000e+00
0.000000000000000000e+00
0.000000000000000000e+00
0.000000000000000000e+00
0.000000000000000000e+00
0.000000000000000000e+00
0.000000000000000000e+00
0.000000000000000000e+00
0.000000000000000000e+00

100 1
0.000000000000000000e+00
0.000000000000000000e+00
0.000000000000000000e+00
0.000000000000000000e+00
0.000000000000000000e+00
0.000000000000000000e+00
0.000000000000000000e+00
0.000000000000000000e+00
0.000000000000000000e+00
0.000000000000000000e+00
0.000000000000000000e+00
0.000000000000000000e+00
0.000000000000000000e+00
0.000000000000000000e+00
0.000000000000000000e+00
0.000000000000000000e+00
0.000000000000000000e+00
0.000000000000000000e+00
0.000000000000000000e+00
0.000000000000000000e+00
0.000000000000000000e+00
0.000000000000000000e+00
0.000000000000000000e+00
0.000000000000000000e+00
0.000000000000000000e+00
0.000000000000000000e+00
0.000000000000000000e+00
0.000000000000000000e+00
0.000000000000000000e+00
0.000000000000000000e+00
0.000000000000000000e+00
0.000000000000000000e+00
0.000000000000000000e+00
0.000000000000000000e+00
0.000000000000000000e+00
0.000000000000000000e+00
0.000000000000000000e+00
0.000000000000000000e+00
0.000000000000000000e+00
0.000000000000000000e+00
0.000000000000000000e+00
0.000000000000000000e+00
0.000000000000000000e+00
7.228272193622467534e-02
3.179199994830068238e-02
3.742696621766264387e-01
5.252081498692666439e-02
3.485627437769217574e-02
5.629203147915211314e-02
4.074939477115840925e-02
5.479669773736740856e-02
1.715565198327958368e-02
7.213345469685576716e-02
1.848991624666406972e-02
6.367953305458506907e-02
1.402077317166567326e-02
5.947026690494016526e-02
1.166259032942225382e-02
2.582821619913595879e-02
0.000000000000000000e+00
0.000000000000000000e+00
0.000000000000000000e+00
0.000000000000000000e+00
0.000000000000000000e+00
0.000000000000000000e+00
0.000000000000000000e+00
0.000000000000000000e+00
0.000000000000000000e+00
0.000000000000000000e+00
0.000000000000000000e+00
0.000000000000000000e+00
0.000000000000000000e+00
0.000000000000000000e+00
0.000000000000000000e+00
0.000000000000000000e+00
0.000000000000000000e+00
0.000000000000000000e+00
0.000000000000000000e+00
0.000000000000000000e+00
0.000000000000000000e+00
0.000000000000000000e+00
0.000000000000000000e+00
0.000000000000000000e+00
0.000000000000000000e+00
0.000000000000000000e+00
0.000000000000000000e+00
0.000000000000000000e+00
0.000000000000000000e+00
0.000000000000000000e+00
0.000000000000000000e+00
0.000000000000000000e+00
0.000000000000000000e+00
0.000000000000000000e+00
0.000000000000000000e+00
0.000000000000000000e+00
0.000000000000000000e+00
0.000000000000000000e+00
0.000000000000000000e+00
0.000000000000000000e+00
0.000000000000000000e+00

100 1
0.000000000000000000e+00
0.000000000000000000e+00
0.000000000000000000e+00
0.000000000000000000e+00
0.000000000000000000e+00
0.000000000000000000e+00
0.000000000000000000e+00
0.000000000000000000e+00
0.000000000000000000e+00
0.000000000000000000e+00
0.000000000000000000e+00
0.000000000000000000e+00
0.000000000000000000e+00
0.000000000000000000e+00
0.000000000000000000e+00
0.000000000000000000e+00
0.000000000000000000e+00
0.000000000000000000e+00
0.000000000000000000e+00
0.000000000000000000e+00
0.000000000000000000e+00
0.000000000000000000e+00
0.000000000000000000e+00
0.000000000000000000e+00
0.000000000000000000e+00
0.000000000000000000e+00
0.000000000000000000e+00
0.000000000000000000e+00
0.000000000000000000e+00
0.000000000000000000e+00
0.000000000000000000e+00
0.000000000000000000e+00
0.000000000000000000e+00
0.000000000000000000e+00
0.000000000000000000e+00
0.000000000000000000e+00
0.000000000000000000e+00
0.000000000000000000e+00
0.000000000000000000e+00
0.000000000000000000e+00
0.000000000000000000e+00
3.905138215302478288e-02
1.176719507054101166e-02
3.147463154543426733e-01
4.418343983917906448e-02
5.385837857350241759e-02
5.195210268536670783e-02
6.507516523495086858e-02
3.846120745319760864e-02
4.278496476749454880e-02
3.469086994608169827e-02
3.226714049734938361e-02
4.034522069860952548e-02
3.130846507790058936e-02
4.715063917739585608e-02
1.841136076797771082e-02
5.215292368511468407e-02
7.718557459118157577e-03
5.549215688113452033e-02
3.682210723472113378e-03
1.490030385424242869e-02
0.000000000000000000e+00
0.000000000000000000e+00
0.000000000000000000e+00
0.000000000000000000e+00
0.000000000000000000e+00
0.000000000000000000e+00
0.000000000000000000e+00
0.000000000000000000e+00
0.000000000000000000e+00
0.000000000000000000e+00
0.000000000000000000e+00
0.000000000000000000e+00
0.000000000000000000e+00
0.000000000000000000e+00
0.000000000000000000e+00
0.000000000000000000e+00
0.000000000000000000e+00
0.000000000000000000e+00
0.000000000000000000e+00
0.000000000000000000e+00
0.000000000000000000e+00
0.000000000000000000e+00
0.000000000000000000e+00
0.000000000000000000e+00
0.000000000000000000e+00
0.000000000000000000e+00
0.000000000000000000e+00
0.000000000000000000e+00
0.000000000000000000e+00
0.000000000000000000e+00
0.000000000000000000e+00
0.000000000000000000e+00
0.000000000000000000e+00
0.000000000000000000e+00
0.000000000000000000e+00
0.000000000000000000e+00
0.000000000000000000e+00
0.000000000000000000e+00
0.000000000000000000e+00

100 1
0.000000000000000000e+00
0.000000000000000000e+00
0.000000000000000000e+00
0.000000000000000000e+00
0.000000000000000000e+00
0.000000000000000000e+00
0.000000000000000000e+00
0.000000000000000000e+00
0.000000000000000000e+00
0.000000000000000000e+00
0.000000000000000000e+00
0.000000000000000000e+00
0.000000000000000000e+00
0.000000000000000000e+00
0.000000000000000000e+00
0.000000000000000000e+00
0.000000000000000000e+00
0.000000000000000000e+00
0.000000000000000000e+00
0.000000000000000000e+00
0.000000000000000000e+00
0.000000000000000000e+00
0.000000000000000000e+00
0.000000000000000000e+00
0.000000000000000000e+00
0.000000000000000000e+00
0.000000000000000000e+00
0.000000000000000000e+00
0.000000000000000000e+00
0.000000000000000000e+00
0.000000000000000000e+00
0.000000000000000000e+00
0.000000000000000000e+00
0.000000000000000000e+00
0.000000000000000000e+00
0.000000000000000000e+00
0.000000000000000000e+00
0.000000000000000000e+00
0.000000000000000000e+00
1.929611518596057243e-02
8.723645850969477533e-03
2.260244424538990771e-01
5.514852799120192883e-02
9.305330674864902007e-02
2.888293231467491118e-02
6.775396296006205854e-02
4.267012393925334601e-02
5.014772049591388614e-02
3.961112632632608765e-02
2.974254043369972331e-02
3.449513178252387735e-02
2.451825125954144868e-02
3.582232675089770668e-02
1.787465029999655078e-02
4.814884010395550917e-02
2.456733802485162876e-02
3.236586673073965637e-02
2.043098597451909262e-02
3.506987631520146198e-02
9.652889646193242579e-03
4.516214099188010228e-02
3.381829649733403189e-03
7.455427769351921294e-03
0.000000000000000000e+00
0.000000000000000000e+00
0.000000000000000000e+00
0.000000000000000000e+00
0.000000000000000000e+00
0.000000000000000000e+00
0.000000000000000000e+00
0.000000000000000000e+00
0.000000000000000000e+00
0.000000000000000000e+00
0.000000000000000000e+00
0.000000000000000000e+00
0.000000000000000000e+00
0.000000000000000000e+00
0.000000000000000000e+00
0.000000000000000000e+00
0.000000000000000000e+00
0.000000000000000000e+00
0.000000000000000000e+00
0.000000000000000000e+00
0.000000000000000000e+00
0.000000000000000000e+00
0.000000000000000000e+00
0.000000000000000000e+00
0.000000000000000000e+00
0.000000000000000000e+00
0.000000000000000000e+00
0.000000000000000000e+00
0.000000000000000000e+00
0.000000000000000000e+00
0.000000000000000000e+00
0.000000000000000000e+00
0.000000000000000000e+00
0.000000000000000000e+00
0.000000000000000000e+00
0.000000000000000000e+00
0.000000000000000000e+00

100 1
0.000000000000000000e+00
0.000000000000000000e+00
0.000000000000000000e+00
0.000000000000000000e+00
0.000000000000000000e+00
0.000000000000000000e+00
0.000000000000000000e+00
0.000000000000000000e+00
0.000000000000000000e+00
0.000000000000000000e+00
0.000000000000000000e+00
0.000000000000000000e+00
0.000000000000000000e+00
0.000000000000000000e+00
0.000000000000000000e+00
0.000000000000000000e+00
0.000000000000000000e+00
0.000000000000000000e+00
0.000000000000000000e+00
0.000000000000000000e+00
0.000000000000000000e+00
0.000000000000000000e+00
0.000000000000000000e+00
0.000000000000000000e+00
0.000000000000000000e+00
0.000000000000000000e+00
0.000000000000000000e+00
0.000000000000000000e+00
0.000000000000000000e+00
0.000000000000000000e+00
0.000000000000000000e+00
0.000000000000000000e+00
0.000000000000000000e+00
0.000000000000000000e+00
0.000000000000000000e+00
0.000000000000000000e+00
0.000000000000000000e+00
9.873777940202910566e-03
3.305032312336139005e-03
1.686783593984567398e-01
3.298845634993653048e-02
1.389047072349109124e-01
2.435586783500310812e-02
6.874556896581986154e-02
2.323032339662516738e-02
2.909086675917964271e-02
3.450523442602517615e-02
3.879581551634480457e-02
5.122742132434687096e-02
3.047679125545215903e-02
3.078951761657564012e-02
2.173476914479602340e-02
3.255459674470184001e-02
1.860796718814265033e-02
4.070842236305851486e-02
1.360348439068094495e-02
5.037695810051741330e-02
1.344942035153766022e-02
3.920566709690342933e-02
1.014218035557900958e-02
2.490263039906534179e-02
8.448045851286818328e-03
3.642989446389950647e-02
1.373704107631930609e-03
3.494519110978310059e-03
0.000000000000000000e+00
0.000000000000000000e+00
0.000000000000000000e+00
0.000000000000000000e+00
0.000000000000000000e+00
0.000000000000000000e+00
0.000000000000000000e+00
0.000000000000000000e+00
0.000000000000000000e+00
0.000000000000000000e+00
0.000000000000000000e+00
0.000000000000000000e+00
0.000000000000000000e+00
0.000000000000000000e+00
0.000000000000000000e+00
0.000000000000000000e+00
0.000000000000000000e+00
0.000000000000000000e+00
0.000000000000000000e+00
0.000000000000000000e+00
0.000000000000000000e+00
0.000000000000000000e+00
0.000000000000000000e+00
0.000000000000000000e+00
0.000000000000000000e+00
0.000000000000000000e+00
0.000000000000000000e+00
0.000000000000000000e+00
0.000000000000000000e+00
0.000000000000000000e+00
0.000000000000000000e+00
0.000000000000000000e+00
0.000000000000000000e+00
0.000000000000000000e+00
0.000000000000000000e+00

100 1
0.000000000000000000e+00
0.000000000000000000e+00
0.000000000000000000e+00
0.000000000000000000e+00
0.000000000000000000e+00
0.000000000000000000e+00
0.000000000000000000e+00
0.000000000000000000e+00
0.000000000000000000e+00
0.000000000000000000e+00
0.000000000000000000e+00
0.000000000000000000e+00
0.000000000000000000e+00
0.000000000000000000e+00
0.000000000000000000e+00
0.000000000000000000e+00
0.000000000000000000e+00
0.000000000000000000e+00
0.000000000000000000e+00
0.000000000000000000e+00
0.000000000000000000e+00
0.000000000000000000e+00
0.000000000000000000e+00
0.000000000000000000e+00
0.000000000000000000e+00
0.000000000000000000e+00
0.000000000000000000e+00
0.000000000000000000e+00
0.000000000000000000e+00
0.000000000000000000e+00
0.000000000000000000e+00
0.000000000000000000e+00
0.000000000000000000e+00
0.000000000000000000e+00
0.000000000000000000e+00
5.739887696179953036e-03
2.269468216163320930e-03
1.133991780812904776e-01
3.221825615188879388e-02
1.519934646102255316e-01
2.449561527039606154e-02
4.685112159465415482e-02
3.219922189822552183e-02
3.276104423451598607e-02
3.124490219025699914e-02
3.333102967046053244e-02
2.621335977352673083e-02
2.856472345088873974e-02
4.623912402993379106e-02
3.761419584143263495e-02
3.286067875112574227e-02
2.076277629885295642e-02
3.078955226789092947e-02
2.306701102610355172e-02
2.579446173779299800e-02
1.825855714298702664e-02
3.445351525320088093e-02
1.786013755954026297e-02
3.803654079066025318e-02
1.025584808195900179e-02
3.478416516417390247e-02
6.589574907616000538e-03
2.647774108556279204e-02
8.073795662683423691e-03
2.405172391307027965e-02
9.752359103913000758e-04
1.774091736343855240e-03
0.000000000000000000e+00
0.000000000000000000e+00
0.000000000000000000e+00
0.000000000000000000e+00
0.000000000000000000e+00
0.000000000000000000e+00
0.000000000000000000e+00
0.000000000000000000e+00
0.000000000000000000e+00
0.000000000000000000e+00
0.000000000000000000e+00
0.000000000000000000e+00
0.000000000000000000e+00
0.000000000000000000e+00
0.000000000000000000e+00
0.000000000000000000e+00
0.000000000000000000e+00
0.000000000000000000e+00
0.000000000000000000e+00
0.000000000000000000e+00
0.000000000000000000e+00
0.000000000000000000e+00
0.000000000000000000e+00
0.000000000000000000e+00
0.000000000000000000e+00
0.000000000000000000e+00
0.000000000000000000e+00
0.000000000000000000e+00
0.000000000000000000e+00
0.000000000000000000e+00
0.000000000000000000e+00
0.000000000000000000e+00
0.000000000000000000e+00

100 1
0.000000000000000000e+00
0.000000000000000000e+00
0.000000000000000000e+00
0.000000000000000000e+00
0.000000000000000000e+00
0.000000000000000000e+00
0.000000000000000000e+00
0.000000000000000000e+00
0.000000000000000000e+00
0.000000000000000000e+00
0.000000000000000000e+00
0.000000000000000000e+00
0.000000000000000000e+00
0.000000000000000000e+00
0.000000000000000000e+00
0.000000000000000000e+00
0.000000000000000000e+00
0.000000000000000000e+00
0.000000000000000000e+00
0.000000000000000000e+00
0.000000000000000000e+00
0.000000000000000000e+00
0.000000000000000000e+00
0.000000000000000000e+00
0.000000000000000000e+00
0.000000000000000000e+00
0.000000000000000000e+00
0.000000000000000000e+00
0.000000000000000000e+00
0.000000000000000000e+00
0.000000000000000000e+00
0.000000000000000000e+00
0.000000000000000000e+00
2.922830123747739012e-03
1.177026537322589704e-03
7.352712155824916995e-02
1.899923678892868201e-02
1.592571030706302904e-01
2.240500038141397116e-02
4.025144365144545100e-02
2.587053489104775006e-02
4.109959080396440728e-02
2.737462748166246546e-02
4.543046173995197307e-02
2.494060850925048853e-02
2.821532378820089393e-02
2.211888178437181399e-02
3.458446723691206703e-02
3.579581123640065976e-02
2.313537724591362144e-02
4.382897318510974027e-02
1.660011714977018688e-02
3.066422243187909985e-02
2.169627982099413266e-02
2.985251731109271264e-02
1.762525357400136425e-02
2.536722638316130790e-02
1.815092230661589576e-02
3.692809228425508045e-02
1.208886710859789770e-02
2.683402471615257967e-02
1.028232453575836716e-02
3.009247693201216531e-02
5.147096078475098258e-03
2.581559170857098545e-02
3.950508130872884723e-03
1.677630885053370269e-02
3.444311797915333012e-04
8.493194829348307611e-04
0.000000000000000000e+00
0.000000000000000000e+00
0.000000000000000000e+00
0.000000000000000000e+00
0.000000000000000000e+00
0.000000000000000000e+00
0.000000000000000000e+00
0.000000000000000000e+00
0.000000000000000000e+00
0.000000000000000000e+00
0.000000000000000000e+00
0.000000000000000000e+00
0.000000000000000000e+00
0.000000000000000000e+00
0.000000000000000000e+00
0.000000000000000000e+00
0.000000000000000000e+00
0.000000000000000000e+00
0.000000000000000000e+00
0.000000000000000000e+00
0.000000000000000000e+00
0.000000000000000000e+00
0.000000000000000000e+00
0.000000000000000000e+00
0.000000000000000000e+00
0.000000000000000000e+00
0.000000000000000000e+00
0.000000000000000000e+00
0.000000000000000000e+00
0.000000000000000000e+00
0.000000000000000000e+00

100 1
0.000000000000000000e+00
0.000000000000000000e+00
0.000000000000000000e+00
0.000000000000000000e+00
0.000000000000000000e+00
0.000000000000000000e+00
0.000000000000000000e+00
0.000000000000000000e+00
0.000000000000000000e+00
0.000000000000000000e+00
0.000000000000000000e+00
0.000000000000000000e+00
0.000000000000000000e+00
0.000000000000000000e+00
0.000000000000000000e+00
0.000000000000000000e+00
0.000000000000000000e+00
0.000000000000000000e+00
0.000000000000000000e+00
0.000000000000000000e+00
0.000000000000000000e+00
0.000000000000000000e+00
0.000000000000000000e+00
0.000000000000000000e+00
0.000000000000000000e+00
0.000000000000000000e+00
0.000000000000000000e+00
0.000000000000000000e+00
0.000000000000000000e+00
0.000000000000000000e+00
0.000000000000000000e+00
1.229314799088739637e-03
5.897836744014006921e-04
4.508767435569976251e-02
1.149712088599388546e-02
1.493738061582344789e-01
2.318198593025220730e-02
3.399055003624693039e-02
2.433573309755567363e-02
5.143329488245309417e-02
2.326643381672498581e-02
3.841899668519618838e-02
2.846724387789883667e-02
2.621011265003857574e-02
2.896712674328407594e-02
2.781085670200189944e-02
2.904153740547233895e-02
2.009031940561489815e-02
2.756975258774942844e-02
3.386863783484871798e-02
2.803257696675851007e-02
2.010665792089048887e-02
3.579481262455493085e-02
1.507998060027549402e-02
3.377076044885381906e-02
1.835106814615527701e-02
2.874314048104746958e-02
1.535564814293459250e-02
2.500838007529758433e-02
1.198339409275758251e-02
3.341077205445562581e-02
8.740833590218084412e-03
2.802367913228600432e-02
1.004616600241501484e-02
2.019823851017515590e-02
4.082684275650094383e-03
2.447907039643093183e-02
2.349597654732233851e-03
1.143743814048393814e-02
1.517958073128006550e-04
4.230234075511136982e-04
0.000000000000000000e+00
0.000000000000000000e+00
0.000000000000000000e+00
0.000000000000000000e+00
0.000000000000000000e+00
0.000000000000000000e+00
0.000000000000000000e+00
0.000000000000000000e+00
0.000000000000000000e+00
0.000000000000000000e+00
0.000000000000000000e+00
0.000000000000000000e+00
0.000000000000000000e+00
0.000000000000000000e+00
0.000000000000000000e+00
0.000000000000000000e+00
0.000000000000000000e+00
0.000000000000000000e+00
0.000000000000000000e+00
0.000000000000000000e+00
0.000000000000000000e+00
0.000000000000000000e+00
0.000000000000000000e+00
0.000000000000000000e+00
0.000000000000000000e+00
0.000000000000000000e+00
0.000000000000000000e+00
0.000000000000000000e+00
0.000000000000000000e+00

100 1
0.000000000000000000e+00
0.000000000000000000e+00
0.000000000000000000e+00
0.000000000000000000e+00
0.000000000000000000e+00
0.000000000000000000e+00
0.000000000000000000e+00
0.000000000000000000e+00
0.000000000000000000e+00
0.000000000000000000e+00
0.000000000000000000e+00
0.000000000000000000e+00
0.000000000000000000e+00
0.000000000000000000e+00
0.000000000000000000e+00
0.000000000000000000e+00
0.000000000000000000e+00
0.000000000000000000e+00
0.000000000000000000e+00
0.000000000000000000e+00
0.000000000000000000e+00
0.000000000000000000e+00
0.000000000000000000e+00
0.000000000000000000e+00
0.000000000000000000e+00
0.000000000000000000e+00
0.000000000000000000e+00
0.000000000000000000e+00
0.000000000000000000e+00
5.909208859145600144e-04
2.446572611506913622e-04
2.733661992032030905e-02
8.352691528263709447e-03
1.184991217243906159e-01
2.803191106480713499e-02
4.297059851889154652e-02
2.412809911743412153e-02
5.234597313087058224e-02
1.786281003445526136e-02
3.304191234540015953e-02
2.589349944260914416e-02
3.131658070636831465e-02
1.942317053159611090e-02
3.039751996495772962e-02
2.700275704860760281e-02
3.593815533453735556e-02
1.847273908819723268e-02
2.654963095242546603e-02
2.291452440509973015e-02
2.659029291693517510e-02
3.171606980576548857e-02
1.719020064495759351e-02
2.702747762248779509e-02
2.084370718921992743e-02
2.233488837185654621e-02
1.844219369214708526e-02
4.083440730110526190e-02
1.593502827185434845e-02
2.290058642156557120e-02
1.221304820305963400e-02
2.051168467288684572e-02
1.027377886356893588e-02
2.905188815912997102e-02
8.855896596496158277e-03
2.522867958161489899e-02
7.475659112732858588e-03
1.634626807972456783e-02
4.248787150459863715e-03
2.065861173044916677e-02
2.128890436165270170e-03
7.557505856880087670e-03
9.222485413653315207e-05
2.283314584952394349e-04
0.000000000000000000e+00
0.000000000000000000e+00
0.000000000000000000e+00
0.000000000000000000e+00
0.000000000000000000e+00
0.000000000000000000e+00
0.000000000000000000e+00
0.000000000000000000e+00
0.000000000000000000e+00
0.000000000000000000e+00
0.000000000000000000e+00
0.000000000000000000e+00
0.000000000000000000e+00
0.000000000000000000e+00
0.000000000000000000e+00
0.000000000000000000e+00
0.000000000000000000e+00
0.000000000000000000e+00
0.000000000000000000e+00
0.000000000000000000e+00
0.000000000000000000e+00
0.000000000000000000e+00
0.000000000000000000e+00
0.000000000000000000e+00
0.000000000000000000e+00
0.000000000000000000e+00
0.000000000000000000e+00

100 1
0.000000000000000000e+00
0.000000000000000000e+00
0.000000000000000000e+00
0.000000000000000000e+00
0.000000000000000000e+00
0.000000000000000000e+00
0.000000000000000000e+00
0.000000000000000000e+00
0.000000000000000000e+00
0.000000000000000000e+00
0.000000000000000000e+00
0.000000000000000000e+00
0.000000000000000000e+00
0.000000000000000000e+00
0.000000000000000000e+00
0.000000000000000000e+00
0.000000000000000000e+00
0.000000000000000000e+00
0.000000000000000000e+00
0.000000000000000000e+00
0.000000000000000000e+00
0.000000000000000000e+00
0.000000000000000000e+00
0.000000000000000000e+00
0.000000000000000000e+00
0.000000000000000000e+00
0.000000000000000000e+00
3.616851725063734884e-04
8.541770589142872307e-05
1.863224056171431872e-02
3.581581741405275195e-03
9.767407149698086044e-02
1.456036054826368928e-02
5.164072189157091486e-02
1.807157429730797682e-02
4.861236871035851115e-02
2.944952037924505883e-02
2.718703267785983757e-02
1.985831733617649669e-02
3.470582158386484317e-02
2.346777671752232550e-02
3.317784642957469221e-02
1.970327695558002704e-02
2.738980013370683267e-02
2.725646491798992821e-02
2.438671419145923419e-02
2.959205087436976578e-02
2.704438231823664412e-02
1.672967916745676797e-02
1.665731027344276305e-02
2.328587520531114063e-02
1.616559337269222324e-02
3.447315312674162358e-02
1.704960733014482602e-02
3.112358887347476885e-02
2.307098599762032881e-02
2.346119449939812474e-02
1.918185145699521921e-02
2.914741154801612708e-02
1.116881798353432445e-02
2.146706515873819318e-02
1.111607906128840584e-02
1.922435034551180089e-02
8.702136591436744270e-03
2.437496876441496221e-02
9.400103725329985241e-03
2.248787787678931810e-02
5.673471362371881009e-03
1.364564018400817730e-02
2.868996684602621947e-03
1.662000300990543536e-02
1.217052544866534854e-03
5.069392113751758702e-03
4.045256934380322766e-05
1.383145312185938842e-04
0.000000000000000000e+00
0.000000000000000000e+00
0.000000000000000000e+00
0.000000000000000000e+00
0.000000000000000000e+00
0.000000000000000000e+00
0.000000000000000000e+00
0.000000000000000000e+00
0.000000000000000000e+00
0.000000000000000000e+00
0.000000000000000000e+00
0.000000000000000000e+00
0.000000000000000000e+00
0.000000000000000000e+00
0.000000000000000000e+00
0.000000000000000000e+00
0.000000000000000000e+00
0.000000000000000000e+00
0.000000000000000000e+00
0.000000000000000000e+00
0.000000000000000000e+00
0.000000000000000000e+00
0.000000000000000000e+00
0.000000000000000000e+00
0.000000000000000000e+00

100 1
0.000000000000000000e+00
0.000000000000000000e+00
0.000000000000000000e+00
0.000000000000000000e+00
0.000000000000000000e+00
0.000000000000000000e+00
0.000000000000000000e+00
0.000000000000000000e+00
0.000000000000000000e+00
0.000000000000000000e+00
0.000000000000000000e+00
0.000000000000000000e+00
0.000000000000000000e+00
0.000000000000000000e+00
0.000000000000000000e+00
0.000000000000000000e+00
0.000000000000000000e+00
0.000000000000000000e+00
0.000000000000000000e+00
0.000000000000000000e+00
0.000000000000000000e+00
0.000000000000000000e+00
0.000000000000000000e+00
0.000000000000000000e+00
0.000000000000000000e+00
1.984796757301638488e-04
6.198217396172140184e-05
1.180647221564456138e-02
2.695284616826112371e-03
7.546158377873132816e-02
1.279965849425822137e-02
5.565794745186748022e-02
1.486040523708550762e-02
4.186969443759836623e-02
1.901528645988396007e-02
2.660944913161219713e-02
2.258857764379329502e-02
3.708706261068553389e-02
2.453172300048178656e-02
3.120747614753859381e-02
1.753694512728413632e-02
2.639084099549720425e-02
2.422858095822690364e-02
2.216503992638102841e-02
2.769794978197816920e-02
2.577365309713845060e-02
2.554175398357672044e-02
2.149739639144816056e-02
2.588656536103682917e-02
1.403910334076433584e-02
1.652473303577351935e-02
1.971650145367885923e-02
2.908633953377875309e-02
2.606609586443851823e-02
2.693782422303065902e-02
1.691640398906291490e-02
2.949083482124318159e-02
1.107853954668445821e-02
2.646045290981189485e-02
1.178637445177718387e-02
2.958024182531258928e-02
1.127216543309320605e-02
1.773331408204774015e-02
9.323349152804969939e-03
2.242734417553730181e-02
9.216452173883910720e-03
1.623132932663219272e-02
6.669432261643048684e-03
2.251133677628945964e-02
2.911008491279499372e-03
1.033674214487940654e-02
2.823515514189318693e-03
1.321826169699503312e-02
9.155555542541677066e-04
3.445604660944591707e-03
2.808838812506817630e-05
8.324647376845153513e-05
0.000000000000000000e+00
0.000000000000000000e+00
0.000000000000000000e+00
0.000000000000000000e+00
0.000000000000000000e+00
0.000000000000000000e+00
0.000000000000000000e+00
0.000000000000000000e+00
0.000000000000000000e+00
0.000000000000000000e+00
0.000000000000000000e+00
0.000000000000000000e+00
0.000000000000000000e+00
0.000000000000000000e+00
0.000000000000000000e+00
0.000000000000000000e+00
0.000000000000000000e+00
0.000000000000000000e+00
0.000000000000000000e+00
0.000000000000000000e+00
0.000000000000000000e+00
0.000000000000000000e+00
0.000000000000000000e+00

100 1
0.000000000000000000e+00
0.000000000000000000e+00
0.000000000000000000e+00
0.000000000000000000e+00
0.000000000000000000e+00
0.000000000000000000e+00
0.000000000000000000e+00
0.000000000000000000e+00
0.000000000000000000e+00
0.000000000000000000e+00
0.000000000000000000e+00
0.000000000000000000e+00
0.000000000000000000e+00
0.000000000000000000e+00
0.000000000000000000e+00
0.000000000000000000e+00
0.000000000000000000e+00
0.000000000000000000e+00
0.000000000000000000e+00
0.000000000000000000e+00
0.000000000000000000e+00
0.000000000000000000e+00
0.000000000000000000e+00
1.088323210374526754e-04
5.269067779669648016e-05
7.291933721754271375e-03
2.803092394313781797e-03
5.599388333657363132e-02
1.462993321590921186e-02
5.767063671385794232e-02
1.075504250430081403e-02
3.589969795104770711e-02
1.347044049294609906e-02
3.440132909577344605e-02
1.329885467909892177e-02
3.295764230589923183e-02
1.807938161409534950e-02
2.687679995047295711e-02
2.242749985576257543e-02
2.142391546586562209e-02
3.194266410329651279e-02
2.586376981254481094e-02
2.545920359429858920e-02
3.165504866993609778e-02
1.762772519558487849e-02
2.715309403004160724e-02
2.080113960916845847e-02
1.818253304875124682e-02
1.877547854475456607e-02
2.386008052188041961e-02
1.966698800578218359e-02
1.805742175006988873e-02
1.833652475677493426e-02
1.678544286302114524e-02
3.381056067320486330e-02
1.595034593695962219e-02
2.250619950919116596e-02
1.639808107927705205e-02
2.236873598759533607e-02
1.349622420553941472e-02
2.887478741725720000e-02
1.089527932575397491e-02
2.542080571291259472e-02
1.100074011199573751e-02
1.627705116218343059e-02
6.511314347509277248e-03
2.065441868101911688e-02
5.264584012877938403e-03
1.697481290313651581e-02
5.102717348238044841e-03
1.827725386855837478e-02
1.507928140258294521e-03
1.032698303253559886e-02
2.665665396136993655e-03
1.030923217677210020e-02
8.704396453465101501e-04
2.157564411179039004e-03
2.305545322457295203e-05
4.649865891611166993e-05
0.000000000000000000e+00
0.000000000000000000e+00
0.000000000000000000e+00
0.000000000000000000e+00
0.000000000000000000e+00
0.000000000000000000e+00
0.000000000000000000e+00
0.000000000000000000e+00
0.000000000000000000e+00
0.000000000000000000e+00
0.000000000000000000e+00
0.000000000000000000e+00
0.000000000000000000e+00
0.000000000000000000e+00
0.000000000000000000e+00
0.000000000000000000e+00
0.000000000000000000e+00
0.000000000000000000e+00
0.000000000000000000e+00
0.000000000000000000e+00
0.000000000000000000e+00

100 1
0.000000000000000000e+00
0.000000000000000000e+00
0.000000000000000000e+00
0.000000000000000000e+00
0.000000000000000000e+00
0.000000000000000000e+00
0.000000000000000000e+00
0.000000000000000000e+00
0.000000000000000000e+00
0.000000000000000000e+00
0.000000000000000000e+00
0.000000000000000000e+00
0.000000000000000000e+00
0.000000000000000000e+00
0.000000000000000000e+00
0.000000000000000000e+00
0.000000000000000000e+00
0.000000000000000000e+00
0.000000000000000000e+00
0.000000000000000000e+00
0.000000000000000000e+00
5.958074822153482824e-05
1.422927527710393631e-05
4.544480542144301721e-03
9.217984233520035587e-04
4.216092148531631889e-02
7.584288203565209621e-03
5.790935016242956812e-02
1.262505428681793586e-02
2.900523806979670924e-02
1.245158946522254527e-02
3.482785610797023423e-02
1.479593190306469422e-02
2.751935442750740382e-02
1.770844131472237501e-02
2.337995881047359031e-02
2.101567362214909473e-02
1.899877006331716217e-02
2.033244456563723657e-02
3.096513685001199209e-02
2.039372867412430138e-02
3.729517137420889500e-02
2.496437909289161983e-02
1.982801222298036931e-02
2.702434852504499371e-02
1.602773185876200934e-02
2.289184617587743109e-02
2.421547725464985243e-02
2.242411877713783308e-02
1.676402961498644692e-02
1.822121857310220541e-02
1.592358742880136888e-02
1.893259107605789124e-02
1.961522977836748990e-02
2.312120013969957977e-02
1.730492620956060323e-02
2.944775506918322766e-02
1.307001339051644569e-02
1.892061470291855549e-02
1.633694893739540827e-02
1.917683306712245767e-02
1.321984229120163994e-02
3.044593999231035714e-02
9.976351395664544153e-03
1.834284948376212199e-02
8.878652979897887557e-03
1.374809259871282059e-02
8.848058862955679796e-03
1.499906082503376509e-02
4.891834532817039907e-03
1.629318489924558300e-02
3.344378676977321704e-03
1.479614226228218726e-02
2.857504612707393796e-03
8.912688486663539536e-03
1.646963658896474260e-03
8.398455288131673885e-03
2.508713287499573824e-04
1.398392419115133045e-03
5.351852396438629301e-06
2.552328208169267959e-05
0.000000000000000000e+00
0.000000000000000000e+00
0.000000000000000000e+00
0.000000000000000000e+00
0.000000000000000000e+00
0.000000000000000000e+00
0.000000000000000000e+00
0.000000000000000000e+00
0.000000000000000000e+00
0.000000000000000000e+00
0.000000000000000000e+00
0.000000000000000000e+00
0.000000000000000000e+00
0.000000000000000000e+00
0.000000000000000000e+00
0.000000000000000000e+00
0.000000000000000000e+00
0.000000000000000000e+00
0.000000000000000000e+00

100 1
0.000000000000000000e+00
0.000000000000000000e+00
0.000000000000000000e+00
0.000000000000000000e+00
0.000000000000000000e+00
0.000000000000000000e+00
0.000000000000000000e+00
0.000000000000000000e+00
0.000000000000000000e+00
0.000000000000000000e+00
0.000000000000000000e+00
0.000000000000000000e+00
0.000000000000000000e+00
0.000000000000000000e+00
0.000000000000000000e+00
0.000000000000000000e+00
0.000000000000000000e+00
0.000000000000000000e+00
0.000000000000000000e+00
3.200864085168145717e-05
1.205611776601833650e-05
2.780022445090320985e-03
7.219822294828180838e-04
3.095987919116802850e-02
4.744587919466454994e-03
5.769527082405773166e-02
6.875683950780147810e-03
2.559366395653049978e-02
1.312918806795723009e-02
3.451222248848441476e-02
1.537886497218961430e-02
2.278019323991627154e-02
1.204331268830303135e-02
2.570099993075187356e-02
1.764816522206362134e-02
2.543623697146877791e-02
1.036790901324231157e-02
2.641854610318392083e-02
1.993390052566863455e-02
3.156022771265251659e-02
2.315248704992191667e-02
2.512126408058304797e-02
2.348324234997023474e-02
1.793205290743390967e-02
2.460203513999673769e-02
3.051476563930034455e-02
1.792919698168677495e-02
1.662513121937517213e-02
2.038910130667599338e-02
2.399499357993842286e-02
1.840707218769535233e-02
1.907107529448788530e-02
1.766174261195943562e-02
1.540494979080027013e-02
1.864818555980524845e-02
1.419057162858464692e-02
2.504911982613251126e-02
2.071501825062632002e-02
2.179489327911989655e-02
1.440848622202463465e-02
1.865317193189894307e-02
1.122649055705998537e-02
1.932949306784708179e-02
1.087243132666408651e-02
2.975412292508563053e-02
7.614573749366123322e-03
1.838795534630915593e-02
4.804087804302044525e-03
1.243141797003683574e-02
4.780233285850277528e-03
1.571409476304469824e-02
3.811412067315003097e-03
1.480774340766900440e-02
3.306321999357610206e-03
1.219989291810370802e-02
2.221999218513989131e-03
8.657785607953868978e-03
9.573886603066143882e-04
6.042293147558671675e-03
2.504328876243025405e-04
7.393999929379138159e-04
6.113339758279985043e-06
1.083690822997859458e-05
0.000000000000000000e+00
0.000000000000000000e+00
0.000000000000000000e+00
0.000000000000000000e+00
0.000000000000000000e+00
0.000000000000000000e+00
0.000000000000000000e+00
0.000000000000000000e+00
0.000000000000000000e+00
0.000000000000000000e+00
0.000000000000000000e+00
0.000000000000000000e+00
0.000000000000000000e+00
0.000000000000000000e+00
0.000000000000000000e+00
0.000000000000000000e+00
0.000000000000000000e+00

100 1
0.000000000000000000e+00
0.000000000000000000e+00
0.000000000000000000e+00
0.000000000000000000e+00
0.000000000000000000e+00
0.000000000000000000e+00
0.000000000000000000e+00
0.000000000000000000e+00
0.000000000000000000e+00
0.000000000000000000e+00
0.000000000000000000e+00
0.000000000000000000e+00
0.000000000000000000e+00
0.000000000000000000e+00
0.000000000000000000e+00
0.000000000000000000e+00
0.000000000000000000e+00
1.626244156325889608e-05
5.332370032286889742e-06
1.581219071700550906e-03
4.727990621427105035e-04
2.061593752458234022e-02
5.328091853220850820e-03
4.920576272028388126e-02
1.060682555394837356e-02
2.230722035353906521e-02
1.156301391103733284e-02
3.100791389616195520e-02
1.027541618314567994e-02
2.258540224066601237e-02
1.331578552553218213e-02
2.626202836723309092e-02
1.485741573610528318e-02
2.658996879030539606e-02
1.442867307324333277e-02
2.015306413305803512e-02
1.829929385128371486e-02
2.603001918391844097e-02
1.767594224681974871e-02
2.966596335420400299e-02
1.557870724679138487e-02
1.745975874514911486e-02
2.451838888267059147e-02
2.487729211098004337e-02
2.643983710050980609e-02
2.058388477959499294e-02
2.767102275979974046e-02
2.342221467164564558e-02
1.454514873102226435e-02
2.035662358345708203e-02
2.480202608014699800e-02
1.137401537175593280e-02
1.592801260811608013e-02
1.547159137157892717e-02
1.713921079748314050e-02
1.611850929236965241e-02
1.850435761040991264e-02
2.075493735750863489e-02
2.651815420030212422e-02
1.287950833292737102e-02
1.712125415182964502e-02
1.374016645741874508e-02
1.338689619514235075e-02
1.332602713443825464e-02
1.709967357327006957e-02
1.110458486732261545e-02
2.582877044815775486e-02
7.421319416622395443e-03
1.317798220006989943e-02
5.475890907903102275e-03
1.073339194352491976e-02
7.037826825735782332e-03
1.201659960245283175e-02
3.118177368559089252e-03
1.404166852006968717e-02
3.632548152312586789e-03
8.690117404989830541e-03
2.061205007858547562e-03
7.238089081167539338e-03
1.015451297670985414e-03
4.360795230584210355e-03
1.185766290750011676e-04
4.529088413496127220e-04
1.727062537763393419e-06
5.798601977619179100e-06
0.000000000000000000e+00
0.000000000000000000e+00
0.000000000000000000e+00
0.000000000000000000e+00
0.000000000000000000e+00
0.000000000000000000e+00
0.000000000000000000e+00
0.000000000000000000e+00
0.000000000000000000e+00
0.000000000000000000e+00
0.000000000000000000e+00
0.000000000000000000e+00
0.000000000000000000e+00
0.000000000000000000e+00
0.000000000000000000e+00

100 1
0.000000000000000000e+00
0.000000000000000000e+00
0.000000000000000000e+00
0.000000000000000000e+00
0.000000000000000000e+00
0.000000000000000000e+00
0.000000000000000000e+00
0.000000000000000000e+00
0.000000000000000000e+00
0.000000000000000000e+00
0.000000000000000000e+00
0.000000000000000000e+00
0.000000000000000000e+00
0.000000000000000000e+00
0.000000000000000000e+00
7.667830264156831721e-06
3.702682593630914180e-06
8.727657599335378194e-04
3.072899637483054763e-04
1.404039867661107180e-02
3.310943616693763983e-03
4.484425551767391716e-02
7.251903961047420112e-03
2.377823988581475451e-02
7.312123176786684484e-03
2.785502500646815788e-02
1.104683614545290578e-02
2.005358437703684896e-02
1.016236965387310419e-02
2.522888719032332847e-02
1.477059336535776861e-02
2.455033744974303295e-02
1.708524917079190866e-02
1.755837141017516437e-02
1.177040579467887593e-02
2.597581110598035092e-02
2.005042998753714042e-02
3.313913680774037418e-02
1.303309708993387328e-02
1.954728103242144369e-02
2.024145026507175385e-02
2.096359575858698990e-02
1.644853730001159114e-02
2.513623157143672279e-02
2.206919564649156840e-02
2.152105751954786969e-02
2.161219184237184524e-02
1.644203156481378533e-02
3.116172819216346535e-02
1.313958172121559680e-02
2.073579267574072321e-02
1.568170225095619902e-02
2.116231188543183858e-02
1.265263114176399216e-02
1.718669916304578146e-02
2.370389302780492521e-02
2.069088910862071709e-02
1.484309815673953009e-02
1.278183932507753057e-02
1.548437524343411476e-02
2.391774302802661747e-02
1.219520314335603012e-02
1.680988588736596206e-02
1.006646908597741419e-02
1.649638124839595404e-02
9.711147367858599319e-03
1.886227904727903748e-02
6.973852137845856260e-03
2.081764401063634917e-02
4.556060985991416783e-03
1.422064684699275890e-02
4.331145210737376988e-03
1.059618741383624475e-02
3.962726013261893068e-03
1.121613859217125177e-02
3.562588381811415163e-03
1.298524690890398743e-02
2.317447889295643458e-03
6.780295134936989085e-03
1.461252751377746821e-03
6.982471000527981815e-03
6.002759334839927359e-04
3.050714708981555265e-03
6.783078026504631933e-05
2.393361921603124156e-04
1.002476371736749130e-06
2.487803129876894615e-06
0.000000000000000000e+00
0.000000000000000000e+00
0.000000000000000000e+00
0.000000000000000000e+00
0.000000000000000000e+00
0.000000000000000000e+00
0.000000000000000000e+00
0.000000000000000000e+00
0.000000000000000000e+00
0.000000000000000000e+00
0.000000000000000000e+00
0.000000000000000000e+00
0.000000000000000000e+00

100 1
0.000000000000000000e+00
0.000000000000000000e+00
0.000000000000000000e+00
0.000000000000000000e+00
0.000000000000000000e+00
0.000000000000000000e+00
0.000000000000000000e+00
0.000000000000000000e+00
0.000000000000000000e+00
0.000000000000000000e+00
0.000000000000000000e+00
0.000000000000000000e+00
0.000000000000000000e+00
4.236199632063893102e-06
1.733616776622795678e-06
5.082718046175491557e-04
1.784148711948880975e-04
9.105318102120361912e-03
2.478454876144101440e-03
3.607984359373334754e-02
6.509639229249165882e-03
2.718810886680168848e-02
5.512373307784602591e-03
2.201412548488809046e-02
9.127620933930123692e-03
1.998080620393242329e-02
9.559040934666342137e-03
2.224447942902940331e-02
1.387368871845682909e-02
2.439460345970714122e-02
1.349398644991413668e-02
1.941580272825638859e-02
1.295188153875068832e-02
2.495808734667702422e-02
1.473017877507585942e-02
2.924471073364683787e-02
2.073349194741956267e-02
1.916684729486728064e-02
1.826790804898280676e-02
1.961190761544421082e-02
1.169417102343474520e-02
2.935985905430275184e-02
1.567263091787827328e-02
1.902446625938152350e-02
2.067905177600720332e-02
1.627025826768449535e-02
2.489045278122558810e-02
1.684236142816904203e-02
2.276097812845063670e-02
2.230516527189659731e-02
1.839745578151145283e-02
1.726873978812877575e-02
1.946517214825329439e-02
1.610572563514634653e-02
2.009735964308450792e-02
1.359929980959980085e-02
2.046846474120871465e-02
9.293775767783236941e-03
2.555299427107740953e-02
1.337304623406518171e-02
1.940008924986515865e-02
1.233597980094603384e-02
1.953655895883715798e-02
1.031889715576583821e-02
1.312162852688014691e-02
6.792787418862977072e-03
1.966354394719341953e-02
7.800830896193620967e-03
1.584600925597658139e-02
1.019622429228849748e-02
1.482125341186022426e-02
5.975090036098229182e-03
1.026031716008250078e-02
3.986337491950462525e-03
1.127267469741510125e-02
4.117814074719068629e-03
8.543376366789775730e-03
2.370195122238732879e-03
1.241110411386668437e-02
1.421776444479061442e-03
5.633982633239702914e-03
8.844202655285711553e-04
6.079429439959458531e-03
4.276409458882671991e-04
2.135128312838876358e-03
3.636332760805735835e-05
1.516425522326872140e-04
4.031669998159265053e-07
1.510093392610056754e-06
0.000000000000000000e+00
0.000000000000000000e+00
0.000000000000000000e+00
0.000000000000000000e+00
0.000000000000000000e+00
0.000000000000000000e+00
0.000000000000000000e+00
0.000000000000000000e+00
0.000000000000000000e+00
0.000000000000000000e+00
0.000000000000000000e+00

100 1
0.000000000000000000e+00
0.000000000000000000e+00
0.000000000000000000e+00
0.000000000000000000e+00
0.000000000000000000e+00
0.000000000000000000e+00
0.000000000000000000e+00
0.000000000000000000e+00
0.000000000000000000e+00
0.000000000000000000e+00
0.000000000000000000e+00
1.930062295994677645e-06
7.669322323139132121e-07
2.673187650065629302e-04
8.416048197739491911e-05
5.778971740848518751e-03
1.339076247952283513e-03
2.935135031124536109e-02
4.553026202737240138e-03
2.988402900335672407e-02
4.972604008057893155e-03
1.607327356108630145e-02
9.774712388996820503e-03
2.295340655064201374e-02
6.913140847401871673e-03
1.905425266137484794e-02
9.429337738883696723e-03
2.458040401402720315e-02
8.763579266536439261e-03
1.762217709035764079e-02
1.410905953728098551e-02
2.787181406167603404e-02
1.358605252863425567e-02
2.483674512148229332e-02
1.450211635597793182e-02
1.723028969085618062e-02
2.043763814742219354e-02
2.166865343711731409e-02
1.616204278125760868e-02
2.806663909028355233e-02
1.886769952090637872e-02
1.678657307486405501e-02
1.227994383981056981e-02
1.957347119825024115e-02
1.617986075477875416e-02
1.959266323229028398e-02
2.400285067996104499e-02
2.290615151239172240e-02
1.926139148682694952e-02
1.562631980987776517e-02
2.612695346182289380e-02
1.569699500067167283e-02
1.409522685202287476e-02
2.120334761241447763e-02
1.863741783287518189e-02
1.186628921601255368e-02
1.437636434262242607e-02
1.608231263130259492e-02
1.994836710139251401e-02
1.520688835768451395e-02
1.843546689043714520e-02
1.168189679641507689e-02
1.849346088010365291e-02
1.323864714542347283e-02
1.612966135909382412e-02
6.860469811999342013e-03
1.055453332428102353e-02
7.707228595399570788e-03
1.949050690726238100e-02
7.381104049349378193e-03
1.847883525359807558e-02
6.136141422938534359e-03
1.126993013616079710e-02
3.651843037272014571e-03
9.896714867578116151e-03
4.610373548044376449e-03
1.089867863892784138e-02
2.101535590836791246e-03
8.644865536078521692e-03
2.584960150148266078e-03
1.004155650408846551e-02
1.176229227211334806e-03
4.735484604805518041e-03
8.829849594363413162e-04
5.032329215875962387e-03
3.176050700106032099e-04
1.284503977158356607e-03
2.398724945789337392e-05
7.194553759003213160e-05
2.575837889635827592e-07
6.059834290719833233e-07
0.000000000000000000e+00
0.000000000000000000e+00
0.000000000000000000e+00
0.000000000000000000e+00
0.000000000000000000e+00
0.000000000000000000e+00
0.000000000000000000e+00
0.000000000000000000e+00
0.000000000000000000e+00

