100 1
0.000000000000000000e+00
0.000000000000000000e+00
0.000000000000000000e+00
0.000000000000000000e+00
0.000000000000000000e+00
0.000000000000000000e+00
0.000000000000000000e+00
0.000000000000000000e+00
0.000000000000000000e+00
0.000000000000000000e+00
0.000000000000000000e+00
0.000000000000000000e+00
0.000000000000000000e+00
0.000000000000000000e+00
0.000000000000000000e+00
0.000000000000000000e+00
0.000000000000000000e+00
0.000000000000000000e+00
0.000000000000000000e+00
0.000000000000000000e+00
0.000000000000000000e+00
0.000000000000000000e+00
0.000000000000000000e+00
0.000000000000000000e+00
0.000000000000000000e+00
0.000000000000000000e+00
0.000000000000000000e+00
0.000000000000000000e+00
0.000000000000000000e+00
0.000000000000000000e+00
0.000000000000000000e+00
0.000000000000000000e+00
0.000000000000000000e+00
0.000000000000000000e+00
0.000000000000000000e+00
0.000000000000000000e+00
0.000000000000000000e+00
0.000000000000000000e+00
0.000000000000000000e+00
0.000000000000000000e+00
0.000000000000000000e+00
0.000000000000000000e+00
0.000000000000000000e+00
0.000000000000000000e+00
0.000000000000000000e+00
0.000000000000000000e+00
0.000000000000000000e+00
0.000000000000000000e+00
0.000000000000000000e+00
0.000000000000000000e+00
0.000000000000000000e+00
1.000000000000000000e+00
0.000000000000000000e+00
0.000000000000000000e+00
0.000000000000000000e+00
0.000000000000000000e+00
0.000000000000000000e+00
0.000000000000000000e+00
0.000000000000000000e+00
0.000000000000000000e+00
0.000000000000000000e+00
0.000000000000000000e+00
0.000000000000000000e+00
0.000000000000000000e+00
0.000000000000000000e+00
0.000000000000000000e+00
0.000000000000000000e+00
0.000000000000000000e+00
0.000000000000000000e+00
0.000000000000000000e+00
0.000000000000000000e+00
0.000000000000000000e+00
0.000000000000000000e+00
0.000000000000000000e+00
0.000000000000000000e+00
0.000000000000000000e+00
0.000000000000000000e+00
0.000000000000000000e+00
0.000000000000000000e+00
0.000000000000000000e+00
0.000000000000000000e+00
0.000000000000000000e+00
0.000000000000000000e+00
0.000000000000000000e+00
0.000000000000000000e+00
0.000000000000000000e+00
0.000000000000000000e+00
0.000000000000000000e+00
0.000000000000000000e+00
0.000000000000000000e+00
0.000000000000000000e+00
0.000000000000000000e+00
0.000000000000000000e+00
0.000000000000000000e+00
0.000000000000000000e+00
0.000000000000000000e+00
0.000000000000000000e+00
0.000000000000000000e+00
0.000000000000000000e+00
0.000000000000000000e+00

100 1
0.000000000000000000e+00
0.000000000000000000e+00
0.000000000000000000e+00
0.000000000000000000e+00
0.000000000000000000e+00
0.000000000000000000e+00
0.000000000000000000e+00
0.000000000000000000e+00
0.000000000000000000e+00
0.000000000000000000e+00
0.000000000000000000e+00
0.000000000000000000e+00
0.000000000000000000e+00
0.000000000000000000e+00
0.000000000000000000e+00
0.000000000000000000e+00
0.000000000000000000e+00
0.000000000000000000e+00
0.000000000000000000e+00
0.000000000000000000e+00
0.000000000000000000e+00
0.000000000000000000e+00
0.000000000000000000e+00
0.000000000000000000e+00
0.000000000000000000e+00
0.000000000000000000e+00
0.000000000000000000e+00
0.000000000000000000e+00
0.000000000000000000e+00
0.000000000000000000e+00
0.000000000000000000e+00
0.000000000000000000e+00
0.000000000000000000e+00
0.000000000000000000e+00
0.000000000000000000e+00
0.000000000000000000e+00
0.000000000000000000e+00
0.000000000000000000e+00
0.000000000000000000e+00
0.000000000000000000e+00
0.000000000000000000e+00
0.000000000000000000e+00
0.000000000000000000e+00
0.000000000000000000e+00
0.000000000000000000e+00
0.000000000000000000e+00
0.000000000000000000e+00
0.000000000000000000e+00
0.000000000000000000e+00
5.461011264086466088e-01
1.868457854430450316e-01
7.417453378853126889e-02
1.928785543597763275e-01
0.000000000000000000e+00
0.000000000000000000e+00
0.000000000000000000e+00
0.000000000000000000e+00
0.000000000000000000e+00
0.000000000000000000e+00
0.000000000000000000e+00
0.000000000000000000e+00
0.000000000000000000e+00
0.000000000000000000e+00
0.000000000000000000e+00
0.000000000000000000e+00
0.000000000000000000e+00
0.000000000000000000e+00
0.000000000000000000e+00
0.000000000000000000e+00
0.000000000000000000e+00
0.000000000000000000e+00
0.000000000000000000e+00
0.000000000000000000e+00
0.000000000000000000e+00
0.000000000000000000e+00
0.000000000000000000e+00
0.000000000000000000e+00
0.000000000000000000e+00
0.000000000000000000e+00
0.000000000000000000e+00
0.000000000000000000e+00
0.000000000000000000e+00
0.000000000000000000e+00
0.000000000000000000e+00
0.000000000000000000e+00
0.000000000000000000e+00
0.000000000000000000e+00
0.000000000000000000e+00
0.000000000000000000e+00
0.000000000000000000e+00
0.000000000000000000e+00
0.000000000000000000e+00
0.000000000000000000e+00
0.000000000000000000e+00
0.000000000000000000e+00
0.000000000000000000e+00
0.000000000000000000e+00
0.000000000000000000e+00
0.000000000000000000e+00
0.000000000000000000e+00

100 1
0.000000000000000000e+00
0.000000000000000000e+00
0.000000000000000000e+00
0.000000000000000000e+00
0.000000000000000000e+00
0.000000000000000000e+00
0.000000000000000000e+00
0.000000000000000000e+00
0.000000000000000000e+00
0.000000000000000000e+00
0.000000000000000000e+00
0.000000000000000000e+00
0.000000000000000000e+00
0.000000000000000000e+00
0.000000000000000000e+00
0.000000000000000000e+00
0.000000000000000000e+00
0.000000000000000000e+00
0.000000000000000000e+00
0.000000000000000000e+00
0.000000000000000000e+00
0.000000000000000000e+00
0.000000000000000000e+00
0.000000000000000000e+00
0.000000000000000000e+00
0.000000000000000000e+00
0.000000000000000000e+00
0.000000000000000000e+00
0.000000000000000000e+00
0.000000000000000000e+00
0.000000000000000000e+00
0.000000000000000000e+00
0.000000000000000000e+00
0.000000000000000000e+00
0.000000000000000000e+00
0.000000000000000000e+00
0.000000000000000000e+00
0.000000000000000000e+00
0.000000000000000000e+00
0.000000000000000000e+00
0.000000000000000000e+00
0.000000000000000000e+00
0.000000000000000000e+00
0.000000000000000000e+00
0.000000000000000000e+00
0.000000000000000000e+00
0.000000000000000000e+00
2.810157743439136713e-01
1.155458138391165374e-01
2.765623442033006141e-01
5.402141075480923482e-02
8.672893851431945356e-02
4.762330232138482083e-02
3.899190894456214251e-02
9.951050707859206146e-02
0.000000000000000000e+00
0.000000000000000000e+00
0.000000000000000000e+00
0.000000000000000000e+00
0.000000000000000000e+00
0.000000000000000000e+00
0.000000000000000000e+00
0.000000000000000000e+00
0.000000000000000000e+00
0.000000000000000000e+00
0.000000000000000000e+00
0.000000000000000000e+00
0.000000000000000000e+00
0.000000000000000000e+00
0.000000000000000000e+00
0.000000000000000000e+00
0.000000000000000000e+00
0.000000000000000000e+00
0.000000000000000000e+00
0.000000000000000000e+00
0.000000000000000000e+00
0.000000000000000000e+00
0.000000000000000000e+00
0.000000000000000000e+00
0.000000000000000000e+00
0.000000000000000000e+00
0.000000000000000000e+00
0.000000000000000000e+00
0.000000000000000000e+00
0.000000000000000000e+00
0.000000000000000000e+00
0.000000000000000000e+00
0.000000000000000000e+00
0.000000000000000000e+00
0.000000000000000000e+00
0.000000000000000000e+00
0.000000000000000000e+00
0.000000000000000000e+00
0.000000000000000000e+00
0.000000000000000000e+00
0.000000000000000000e+00
0.000000000000000000e+00
0.000000000000000000e+00
0.000000000000000000e+00
0.000000000000000000e+00

100 1
0.000000000000000000e+00
0.000000000000000000e+00
0.000000000000000000e+00
0.000000000000000000e+00
0.000000000000000000e+00
0.000000000000000000e+00
0.000000000000000000e+00
0.000000000000000000e+00
0.000000000000000000e+00
0.000000000000000000e+00
0.000000000000000000e+00
0.000000000000000000e+00
0.000000000000000000e+00
0.000000000000000000e+00
0.000000000000000000e+00
0.000000000000000000e+00
0.000000000000000000e+00
0.000000000000000000e+00
0.000000000000000000e+00
0.000000000000000000e+00
0.000000000000000000e+00
0.000000000000000000e+00
0.000000000000000000e+00
0.000000000000000000e+00
0.000000000000000000e+00
0.000000000000000000e+00
0.000000000000000000e+00
0.000000000000000000e+00
0.000000000000000000e+00
0.000000000000000000e+00
0.000000000000000000e+00
0.000000000000000000e+00
0.000000000000000000e+00
0.000000000000000000e+00
0.000000000000000000e+00
0.000000000000000000e+00
0.000000000000000000e+00
0.000000000000000000e+00
0.000000000000000000e+00
0.000000000000000000e+00
0.000000000000000000e+00
0.000000000000000000e+00
0.000000000000000000e+00
0.000000000000000000e+00
0.000000000000000000e+00
1.440443509578735182e-01
6.108367271568856949e-02
3.775014487150213927e-01
4.782814475591740111e-02
8.312242001827316318e-02
5.446015585909669277e-02
2.711820209713771898e-02
6.157677455136851413e-02
2.919547696666727199e-02
4.526219572950979098e-02
1.724818971325207256e-02
5.155896792019155211e-02
0.000000000000000000e+00
0.000000000000000000e+00
0.000000000000000000e+00
0.000000000000000000e+00
0.000000000000000000e+00
0.000000000000000000e+00
0.000000000000000000e+00
0.000000000000000000e+00
0.000000000000000000e+00
0.000000000000000000e+00
0.000000000000000000e+00
0.000000000000000000e+00
0.000000000000000000e+00
0.000000000000000000e+00
0.000000000000000000e+00
0.000000000000000000e+00
0.000000000000000000e+00
0.000000000000000000e+00
0.000000000000000000e+00
0.000000000000000000e+00
0.000000000000000000e+00
0.000000000000000000e+00
0.000000000000000000e+00
0.000000000000000000e+00
0.000000000000000000e+00
0.000000000000000000e+00
0.000000000000000000e+00
0.000000000000000000e+00
0.000000000000000000e+00
0.000000000000000000e+00
0.000000000000000000e+00
0.000000000000000000e+00
0.000000000000000000e+00
0.000000000000000000e+00
0.000000000000000000e+00
0.000000000000000000e+00
0.000000000000000000e+00
0.000000000000000000e+00
0.000000000000000000e+00
0.000000000000000000e+00
0.000000000000000000e+00
0.000000000000000000e+00
0.000000000000000000e+00

100 1
0.000000000000000000e+00
0.000000000000000000e+00
0.000000000000000000e+00
0.000000000000000000e+00
0.000000000000000000e+00
0.000000000000000000e+00
0.000000000000000000e+00
0.000000000000000000e+00
0.000000000000000000e+00
0.000000000000000000e+00
0.000000000000000000e+00
0.000000000000000000e+00
0.000000000000000000e+00
0.000000000000000000e+00
0.000000000000000000e+00
0.000000000000000000e+00
0.000000000000000000e+00
0.000000000000000000e+00
0.000000000000000000e+00
0.000000000000000000e+00
0.000000000000000000e+00
0.000000000000000000e+00
0.000000000000000000e+00
0.000000000000000000e+00
0.000000000000000000e+00
0.000000000000000000e+00
0.000000000000000000e+00
0.000000000000000000e+00
0.000000000000000000e+00
0.000000000000000000e+00
0.000000000000000000e+00
0.000000000000000000e+00
0.000000000000000000e+00
0.000000000000000000e+00
0.000000000000000000e+00
0.000000000000000000e+00
0.000000000000000000e+00
0.000000000000000000e+00
0.000000000000000000e+00
0.000000000000000000e+00
0.000000000000000000e+00
0.000000000000000000e+00
0.000000000000000000e+00
7.344018440171588835e-02
2.748714684277418427e-02
3.675029680760031336e-01
5.984820037512906393e-02
4.971983649765371327e-02
6.274907547866402646e-02
3.515050332935416855e-02
6.700147691596404498e-02
2.396379851795555835e-02
5.376638821177066874e-02
2.056281869516544264e-02
6.109324917912099112e-02
1.249986009474471013e-02
4.951853453874557887e-02
9.794615275431824489e-03
2.590134356980423880e-02
0.000000000000000000e+00
0.000000000000000000e+00
0.000000000000000000e+00
0.000000000000000000e+00
0.000000000000000000e+00
0.000000000000000000e+00
0.000000000000000000e+00
0.000000000000000000e+00
0.000000000000000000e+00
0.000000000000000000e+00
0.000000000000000000e+00
0.000000000000000000e+00
0.000000000000000000e+00
0.000000000000000000e+00
0.000000000000000000e+00
0.000000000000000000e+00
0.000000000000000000e+00
0.000000000000000000e+00
0.000000000000000000e+00
0.000000000000000000e+00
0.000000000000000000e+00
0.000000000000000000e+00
0.000000000000000000e+00
0.000000000000000000e+00
0.000000000000000000e+00
0.000000000000000000e+00
0.000000000000000000e+00
0.000000000000000000e+00
0.000000000000000000e+00
0.000000000000000000e+00
0.000000000000000000e+00
0.000000000000000000e+00
0.000000000000000000e+00
0.000000000000000000e+00
0.000000000000000000e+00
0.000000000000000000e+00
0.000000000000000000e+00
0.000000000000000000e+00
0.000000000000000000e+00
0.000000000000000000e+00
0.000000000000000000e+00

100 1
0.000000000000000000e+00
0.000000000000000000e+00
0.000000000000000000e+00
0.000000000000000000e+00
0.000000000000000000e+00
0.000000000000000000e+00
0.000000000000000000e+00
0.000000000000000000e+00
0.000000000000000000e+00
0.000000000000000000e+00
0.000000000000000000e+00
0.000000000000000000e+00
0.000000000000000000e+00
0.000000000000000000e+00
0.000000000000000000e+00
0.000000000000000000e+00
0.000000000000000000e+00
0.000000000000000000e+00
0.000000000000000000e+00
0.000000000000000000e+00
0.000000000000000000e+00
0.000000000000000000e+00
0.000000000000000000e+00
0.000000000000000000e+00
0.000000000000000000e+00
0.000000000000000000e+00
0.000000000000000000e+00
0.000000000000000000e+00
0.000000000000000000e+00
0.000000000000000000e+00
0.000000000000000000e+00
0.000000000000000000e+00
0.000000000000000000e+00
0.000000000000000000e+00
0.000000000000000000e+00
0.000000000000000000e+00
0.000000000000000000e+00
0.000000000000000000e+00
0.000000000000000000e+00
0.000000000000000000e+00
0.000000000000000000e+00
3.881492569980301427e-02
1.749171299814819558e-02
3.056067705951055480e-01
6.964374097849687639e-02
4.471277643638466026e-02
4.095739996744655886e-02
6.828550597043199499e-02
4.347915477473133367e-02
5.120038362023729417e-02
3.270159347460688953e-02
3.273186161648610620e-02
4.996390058231239828e-02
2.418527897242228608e-02
3.730096540530386529e-02
1.921178203069375673e-02
4.591648152945326800e-02
1.084900978726521283e-02
4.760557774918099810e-02
6.421422241613517802e-03
1.291975556987262110e-02
0.000000000000000000e+00
0.000000000000000000e+00
0.000000000000000000e+00
0.000000000000000000e+00
0.000000000000000000e+00
0.000000000000000000e+00
0.000000000000000000e+00
0.000000000000000000e+00
0.000000000000000000e+00
0.000000000000000000e+00
0.000000000000000000e+00
0.000000000000000000e+00
0.000000000000000000e+00
0.000000000000000000e+00
0.000000000000000000e+00
0.000000000000000000e+00
0.000000000000000000e+00
0.000000000000000000e+00
0.000000000000000000e+00
0.000000000000000000e+00
0.000000000000000000e+00
0.000000000000000000e+00
0.000000000000000000e+00
0.000000000000000000e+00
0.000000000000000000e+00
0.000000000000000000e+00
0.000000000000000000e+00
0.000000000000000000e+00
0.000000000000000000e+00
0.000000000000000000e+00
0.000000000000000000e+00
0.000000000000000000e+00
0.000000000000000000e+00
0.000000000000000000e+00
0.000000000000000000e+00
0.000000000000000000e+00
0.000000000000000000e+00
0.000000000000000000e+00
0.000000000000000000e+00

100 1
0.000000000000000000e+00
0.000000000000000000e+00
0.000000000000000000e+00
0.000000000000000000e+00
0.000000000000000000e+00
0.000000000000000000e+00
0.000000000000000000e+00
0.000000000000000000e+00
0.000000000000000000e+00
0.000000000000000000e+00
0.000000000000000000e+00
0.000000000000000000e+00
0.000000000000000000e+00
0.000000000000000000e+00
0.000000000000000000e+00
0.000000000000000000e+00
0.000000000000000000e+00
0.000000000000000000e+00
0.000000000000000000e+00
0.000000000000000000e+00
0.000000000000000000e+00
0.000000000000000000e+00
0.000000000000000000e+00
0.000000000000000000e+00
0.000000000000000000e+00
0.000000000000000000e+00
0.000000000000000000e+00
0.000000000000000000e+00
0.000000000000000000e+00
0.000000000000000000e+00
0.000000000000000000e+00
0.000000000000000000e+00
0.000000000000000000e+00
0.000000000000000000e+00
0.000000000000000000e+00
0.000000000000000000e+00
0.000000000000000000e+00
0.000000000000000000e+00
0.000000000000000000e+00
2.084867275064591907e-02
7.048225821959796210e-03
2.383773157229870654e-01
4.821664532842403345e-02
8.166685865658929178e-02
2.994708346634290461e-02
8.967681507363658988e-02
3.305259550697106641e-02
4.593174653885059161e-02
4.113797445437475386e-02
3.900187948640240765e-02
4.238910508726667636e-02
2.037463467235375858e-02
3.921480266759622829e-02
2.941665709150964245e-02
3.743880299956500735e-02
1.768892757655958839e-02
3.446659288518089809e-02
1.369442738222321349e-02
2.955921307196968800e-02
7.456721673234408682e-03
4.389875158688955059e-02
2.078655181497831086e-03
7.416895316964815243e-03
0.000000000000000000e+00
0.000000000000000000e+00
0.000000000000000000e+00
0.000000000000000000e+00
0.000000000000000000e+00
0.000000000000000000e+00
0.000000000000000000e+00
0.000000000000000000e+00
0.000000000000000000e+00
0.000000000000000000e+00
0.000000000000000000e+00
0.000000000000000000e+00
0.000000000000000000e+00
0.000000000000000000e+00
0.000000000000000000e+00
0.000000000000000000e+00
0.000000000000000000e+00
0.000000000000000000e+00
0.000000000000000000e+00
0.000000000000000000e+00
0.000000000000000000e+00
0.000000000000000000e+00
0.000000000000000000e+00
0.000000000000000000e+00
0.000000000000000000e+00
0.000000000000000000e+00
0.000000000000000000e+00
0.000000000000000000e+00
0.000000000000000000e+00
0.000000000000000000e+00
0.000000000000000000e+00
0.000000000000000000e+00
0.000000000000000000e+00
0.000000000000000000e+00
0.000000000000000000e+00
0.000000000000000000e+00
0.000000000000000000e+00

100 1
0.000000000000000000e+00
0.000000000000000000e+00
0.000000000000000000e+00
0.000000000000000000e+00
0.000000000000000000e+00
0.000000000000000000e+00
0.000000000000000000e+00
0.000000000000000000e+00
0.000000000000000000e+00
0.000000000000000000e+00
0.000000000000000000e+00
0.000000000000000000e+00
0.000000000000000000e+00
0.000000000000000000e+00
0.000000000000000000e+00
0.000000000000000000e+00
0.000000000000000000e+00
0.000000000000000000e+00
0.000000000000000000e+00
0.000000000000000000e+00
0.000000000000000000e+00
0.000000000000000000e+00
0.000000000000000000e+00
0.000000000000000000e+00
0.000000000000000000e+00
0.000000000000000000e+00
0.000000000000000000e+00
0.000000000000000000e+00
0.000000000000000000e+00
0.000000000000000000e+00
0.000000000000000000e+00
0.000000000000000000e+00
0.000000000000000000e+00
0.000000000000000000e+00
0.000000000000000000e+00
0.000000000000000000e+00
0.000000000000000000e+00
1.032961330865980222e-02
4.435200918615986483e-03
1.669301292741195430e-01
4.074720413934373314e-02
1.159503116164798397e-01
2.769298714625303970e-02
7.625048341582460476e-02
3.299793043795101743e-02
4.078573710085678372e-02
4.710796267136223292e-02
3.856221728966735540e-02
3.477688430796493924e-02
2.963390917557669896e-02
3.258962095793953295e-02
2.195097567466477995e-02
3.994190194097167745e-02
2.049874938593204340e-02
4.464845158836402983e-02
1.983628403704571636e-02
2.900233712800190378e-02
1.276190932422512948e-02
3.371361655184430817e-02
9.985593601633065489e-03
2.370154335465952250e-02
8.053354781621840583e-03
3.175427268487474725e-02
1.772632198357264538e-03
3.588185987183845765e-03
0.000000000000000000e+00
0.000000000000000000e+00
0.000000000000000000e+00
0.000000000000000000e+00
0.000000000000000000e+00
0.000000000000000000e+00
0.000000000000000000e+00
0.000000000000000000e+00
0.000000000000000000e+00
0.000000000000000000e+00
0.000000000000000000e+00
0.000000000000000000e+00
0.000000000000000000e+00
0.000000000000000000e+00
0.000000000000000000e+00
0.000000000000000000e+00
0.000000000000000000e+00
0.000000000000000000e+00
0.000000000000000000e+00
0.000000000000000000e+00
0.000000000000000000e+00
0.000000000000000000e+00
0.000000000000000000e+00
0.000000000000000000e+00
0.000000000000000000e+00
0.000000000000000000e+00
0.000000000000000000e+00
0.000000000000000000e+00
0.000000000000000000e+00
0.000000000000000000e+00
0.000000000000000000e+00
0.000000000000000000e+00
0.000000000000000000e+00
0.000000000000000000e+00
0.000000000000000000e+00

100 1
0.000000000000000000e+00
0.000000000000000000e+00
0.000000000000000000e+00
0.000000000000000000e+00
0.000000000000000000e+00
0.000000000000000000e+00
0.000000000000000000e+00
0.000000000000000000e+00
0.000000000000000000e+00
0.000000000000000000e+00
0.000000000000000000e+00
0.000000000000000000e+00
0.000000000000000000e+00
0.000000000000000000e+00
0.000000000000000000e+00
0.000000000000000000e+00
0.000000000000000000e+00
0.000000000000000000e+00
0.000000000000000000e+00
0.000000000000000000e+00
0.000000000000000000e+00
0.000000000000000000e+00
0.000000000000000000e+00
0.000000000000000000e+00
0.000000000000000000e+00
0.000000000000000000e+00
0.000000000000000000e+00
0.000000000000000000e+00
0.000000000000000000e+00
0.000000000000000000e+00
0.000000000000000000e+00
0.000000000000000000e+00
0.000000000000000000e+00
0.000000000000000000e+00
0.000000000000000000e+00
5.938978663260813598e-03
1.687924398083572768e-03
1.232239590631102472e-01
2.153693822581282183e-02
1.406780284276313020e-01
2.106877028637526780e-02
5.607707352946636470e-02
3.572714237485981326e-02
4.016310166658199760e-02
3.392142546931067176e-02
4.300947763476369728e-02
3.491072445230398308e-02
3.713914337579980740e-02
3.645147420362478130e-02
2.622163626249501486e-02
3.714378084536919949e-02
2.135283642584582392e-02
2.972287513772658291e-02
2.319148070386570573e-02
3.398387094909596090e-02
1.511566941269115553e-02
3.865911844599730779e-02
1.321630246142225726e-02
2.800063720119069094e-02
8.982637937306031314e-03
3.200446987332251220e-02
6.512669610364041003e-03
2.297920803384632601e-02
4.699860920054194438e-03
2.413774699358541345e-02
5.864887577184695923e-04
1.954548257112331388e-03
0.000000000000000000e+00
0.000000000000000000e+00
0.000000000000000000e+00
0.000000000000000000e+00
0.000000000000000000e+00
0.000000000000000000e+00
0.000000000000000000e+00
0.000000000000000000e+00
0.000000000000000000e+00
0.000000000000000000e+00
0.000000000000000000e+00
0.000000000000000000e+00
0.000000000000000000e+00
0.000000000000000000e+00
0.000000000000000000e+00
0.000000000000000000e+00
0.000000000000000000e+00
0.000000000000000000e+00
0.000000000000000000e+00
0.000000000000000000e+00
0.000000000000000000e+00
0.000000000000000000e+00
0.000000000000000000e+00
0.000000000000000000e+00
0.000000000000000000e+00
0.000000000000000000e+00
0.000000000000000000e+00
0.000000000000000000e+00
0.000000000000000000e+00
0.000000000000000000e+00
0.000000000000000000e+00
0.000000000000000000e+00
0.000000000000000000e+00

100 1
0.000000000000000000e+00
0.000000000000000000e+00
0.000000000000000000e+00
0.000000000000000000e+00
0.000000000000000000e+00
0.000000000000000000e+00
0.000000000000000000e+00
0.000000000000000000e+00
0.000000000000000000e+00
0.000000000000000000e+00
0.000000000000000000e+00
0.000000000000000000e+00
0.000000000000000000e+00
0.000000000000000000e+00
0.000000000000000000e+00
0.000000000000000000e+00
0.000000000000000000e+00
0.000000000000000000e+00
0.000000000000000000e+00
0.000000000000000000e+00
0.000000000000000000e+00
0.000000000000000000e+00
0.000000000000000000e+00
0.000000000000000000e+00
0.000000000000000000e+00
0.000000000000000000e+00
0.000000000000000000e+00
0.000000000000000000e+00
0.000000000000000000e+00
0.000000000000000000e+00
0.000000000000000000e+00
0.000000000000000000e+00
0.000000000000000000e+00
3.066400375156538155e-03
1.328763117046453859e-03
8.097273974958082987e-02
2.135909495905632255e-02
1.441460518018924108e-01
1.951251537644895992e-02
3.969584090951958771e-02
3.127643747598143897e-02
4.392322184768844562e-02
2.747436682287694720e-02
5.423787745827269441e-02
3.130828537058200078e-02
4.002703656510134267e-02
2.207939996767699711e-02
2.884551040549146461e-02
3.678990848787221102e-02
2.620011369313311397e-02
2.943754001296414874e-02
1.992551716879934973e-02
3.610755805430251875e-02
1.853581962098527908e-02
3.278550180062322905e-02
1.940577584532152816e-02
2.771274012004051185e-02
1.502655036412820812e-02
3.026148660876330082e-02
1.249929771158408802e-02
2.096827561079129751e-02
7.102215587493785655e-03
2.992601394491687869e-02
4.470638938580815368e-03
2.088388785263658662e-02
3.750359556927709229e-03
1.751519906674110783e-02
4.167542205696162568e-04
1.025303530445807482e-03
0.000000000000000000e+00
0.000000000000000000e+00
0.000000000000000000e+00
0.000000000000000000e+00
0.000000000000000000e+00
0.000000000000000000e+00
0.000000000000000000e+00
0.000000000000000000e+00
0.000000000000000000e+00
0.000000000000000000e+00
0.000000000000000000e+00
0.000000000000000000e+00
0.000000000000000000e+00
0.000000000000000000e+00
0.000000000000000000e+00
0.000000000000000000e+00
0.000000000000000000e+00
0.000000000000000000e+00
0.000000000000000000e+00
0.000000000000000000e+00
0.000000000000000000e+00
0.000000000000000000e+00
0.000000000000000000e+00
0.000000000000000000e+00
0.000000000000000000e+00
0.000000000000000000e+00
0.000000000000000000e+00
0.000000000000000000e+00
0.000000000000000000e+00
0.000000000000000000e+00
0.000000000000000000e+00

100 1
0.000000000000000000e+00
0.000000000000000000e+00
0.000000000000000000e+00
0.000000000000000000e+00
0.000000000000000000e+00
0.000000000000000000e+00
0.000000000000000000e+00
0.000000000000000000e+00
0.000000000000000000e+00
0.000000000000000000e+00
0.000000000000000000e+00
0.000000000000000000e+00
0.000000000000000000e+00
0.000000000000000000e+00
0.000000000000000000e+00
0.000000000000000000e+00
0.000000000000000000e+00
0.000000000000000000e+00
0.000000000000000000e+00
0.000000000000000000e+00
0.000000000000000000e+00
0.000000000000000000e+00
0.000000000000000000e+00
0.000000000000000000e+00
0.000000000000000000e+00
0.000000000000000000e+00
0.000000000000000000e+00
0.000000000000000000e+00
0.000000000000000000e+00
0.000000000000000000e+00
0.000000000000000000e+00
1.740171002096054442e-03
6.106719765900343400e-04
5.583719367432445763e-02
1.361227822638714016e-02
1.389318841251906411e-01
2.030379931578094044e-02
3.335041739254403226e-02
2.026107671660686699e-02
5.425953915935784189e-02
1.985931727254675733e-02
5.093334300281532334e-02
2.590262065823846840e-02
3.594870660472261614e-02
3.137479810742899861e-02
2.585034768894201029e-02
3.633243857827175849e-02
2.312684428628565200e-02
2.893891426959093946e-02
2.643267913213727394e-02
3.283572476263234285e-02
2.100304056659205859e-02
2.671087006595089519e-02
2.097853815535050473e-02
3.068066447588105664e-02
1.362893931342825694e-02
3.319487275493501061e-02
1.237175859928740795e-02
3.026051793141597973e-02
9.549665114504534910e-03
2.807643557520435318e-02
9.225983158339787563e-03
1.864020926304499337e-02
6.312408390628914887e-03
2.310077025874650303e-02
3.501848464994830514e-03
1.983384428978759995e-02
2.900411897991046414e-03
1.277489682819269237e-02
2.158122106674344653e-04
5.957467325587173252e-04
0.000000000000000000e+00
0.000000000000000000e+00
0.000000000000000000e+00
0.000000000000000000e+00
0.000000000000000000e+00
0.000000000000000000e+00
0.000000000000000000e+00
0.000000000000000000e+00
0.000000000000000000e+00
0.000000000000000000e+00
0.000000000000000000e+00
0.000000000000000000e+00
0.000000000000000000e+00
0.000000000000000000e+00
0.000000000000000000e+00
0.000000000000000000e+00
0.000000000000000000e+00
0.000000000000000000e+00
0.000000000000000000e+00
0.000000000000000000e+00
0.000000000000000000e+00
0.000000000000000000e+00
0.000000000000000000e+00
0.000000000000000000e+00
0.000000000000000000e+00
0.000000000000000000e+00
0.000000000000000000e+00
0.000000000000000000e+00
0.000000000000000000e+00

100 1
0.000000000000000000e+00
0.000000000000000000e+00
0.000000000000000000e+00
0.000000000000000000e+00
0.000000000000000000e+00
0.000000000000000000e+00
0.000000000000000000e+00
0.000000000000000000e+00
0.000000000000000000e+00
0.000000000000000000e+00
0.000000000000000000e+00
0.000000000000000000e+00
0.000000000000000000e+00
0.000000000000000000e+00
0.000000000000000000e+00
0.000000000000000000e+00
0.000000000000000000e+00
0.000000000000000000e+00
0.000000000000000000e+00
0.000000000000000000e+00
0.000000000000000000e+00
0.000000000000000000e+00
0.000000000000000000e+00
0.000000000000000000e+00
0.000000000000000000e+00
0.000000000000000000e+00
0.000000000000000000e+00
0.000000000000000000e+00
0.000000000000000000e+00
9.723082254904000764e-04
3.188280620347782516e-04
3.772252699440372531e-02
8.457808005830637008e-03
1.275223017568776762e-01
1.759278520336631998e-02
3.134895733328704054e-02
1.711449186252872456e-02
5.853440229035182518e-02
2.054903523927356992e-02
3.863967409199455666e-02
2.728577689866278772e-02
3.262788495440901992e-02
2.687228462423672803e-02
3.059369739633860039e-02
2.455763634899504541e-02
2.462585588011769258e-02
2.600713434277451483e-02
2.814409390298929989e-02
3.511594826568373989e-02
2.710001219895622274e-02
2.778817051874622399e-02
1.553540849350110165e-02
3.095110743760426039e-02
1.764233607170022367e-02
2.776989036378316872e-02
1.432606987442409420e-02
2.540102190020220030e-02
1.656840421881216815e-02
2.942644854397967816e-02
9.446293086537492154e-03
3.019326614313845927e-02
7.884611082740626553e-03
2.333180173122474318e-02
5.928903760396449056e-03
1.880808845732999390e-02
5.439429913311834980e-03
1.927411972943723559e-02
2.785718010660112078e-03
1.842338231236795992e-02
2.063546079401112725e-03
8.855250287916371574e-03
1.186685551203116664e-04
3.346195490531968177e-04
0.000000000000000000e+00
0.000000000000000000e+00
0.000000000000000000e+00
0.000000000000000000e+00
0.000000000000000000e+00
0.000000000000000000e+00
0.000000000000000000e+00
0.000000000000000000e+00
0.000000000000000000e+00
0.000000000000000000e+00
0.000000000000000000e+00
0.000000000000000000e+00
0.000000000000000000e+00
0.000000000000000000e+00
0.000000000000000000e+00
0.000000000000000000e+00
0.000000000000000000e+00
0.000000000000000000e+00
0.000000000000000000e+00
0.000000000000000000e+00
0.000000000000000000e+00
0.000000000000000000e+00
0.000000000000000000e+00
0.000000000000000000e+00
0.000000000000000000e+00
0.000000000000000000e+00
0.000000000000000000e+00

100 1
0.000000000000000000e+00
0.000000000000000000e+00
0.000000000000000000e+00
0.000000000000000000e+00
0.000000000000000000e+00
0.000000000000000000e+00
0.000000000000000000e+00
0.000000000000000000e+00
0.000000000000000000e+00
0.000000000000000000e+00
0.000000000000000000e+00
0.000000000000000000e+00
0.000000000000000000e+00
0.000000000000000000e+00
0.000000000000000000e+00
0.000000000000000000e+00
0.000000000000000000e+00
0.000000000000000000e+00
0.000000000000000000e+00
0.000000000000000000e+00
0.000000000000000000e+00
0.000000000000000000e+00
0.000000000000000000e+00
0.000000000000000000e+00
0.000000000000000000e+00
0.000000000000000000e+00
0.000000000000000000e+00
4.670592076918933348e-04
2.327970749098590239e-04
2.282433332744545490e-02
7.160110372075185678e-03
1.072621134331018244e-01
1.699290231777223631e-02
3.966880809336327529e-02
1.487102056700704070e-02
5.314136496448183117e-02
1.971107247968705359e-02
3.075931302238787968e-02
2.329652921585234626e-02
3.272089934058439870e-02
2.136465322261311278e-02
3.628362900878318725e-02
2.368344669233094640e-02
2.378722767511067676e-02
2.739441406095552423e-02
2.743723149996928762e-02
2.560098099339988206e-02
3.078071779242471870e-02
2.442007845900916532e-02
2.152741931707107675e-02
2.983624914864897032e-02
1.755815719921433385e-02
2.567587973425568618e-02
1.635803095333142679e-02
2.773797762271277417e-02
1.786907467766272323e-02
2.721957220487818824e-02
1.445270733759541383e-02
2.270566868964755958e-02
1.335593505883984726e-02
2.317001878520394409e-02
8.264941901813781244e-03
2.598731312145575664e-02
8.461290538097928846e-03
1.980964553331723138e-02
5.802350242859129030e-03
1.907359899767772926e-02
4.209121337974597657e-03
1.349879747750990476e-02
3.705816769657100870e-03
1.636839236000396658e-02
1.836864199964195494e-03
5.415976011682030640e-03
8.298285776534452434e-05
1.555151001937460180e-04
0.000000000000000000e+00
0.000000000000000000e+00
0.000000000000000000e+00
0.000000000000000000e+00
0.000000000000000000e+00
0.000000000000000000e+00
0.000000000000000000e+00
0.000000000000000000e+00
0.000000000000000000e+00
0.000000000000000000e+00
0.000000000000000000e+00
0.000000000000000000e+00
0.000000000000000000e+00
0.000000000000000000e+00
0.000000000000000000e+00
0.000000000000000000e+00
0.000000000000000000e+00
0.000000000000000000e+00
0.000000000000000000e+00
0.000000000000000000e+00
0.000000000000000000e+00
0.000000000000000000e+00
0.000000000000000000e+00
0.000000000000000000e+00
0.000000000000000000e+00

100 1
0.000000000000000000e+00
0.000000000000000000e+00
0.000000000000000000e+00
0.000000000000000000e+00
0.000000000000000000e+00
0.000000000000000000e+00
0.000000000000000000e+00
0.000000000000000000e+00
0.000000000000000000e+00
0.000000000000000000e+00
0.000000000000000000e+00
0.000000000000000000e+00
0.000000000000000000e+00
0.000000000000000000e+00
0.000000000000000000e+00
0.000000000000000000e+00
0.000000000000000000e+00
0.000000000000000000e+00
0.000000000000000000e+00
0.000000000000000000e+00
0.000000000000000000e+00
0.000000000000000000e+00
0.000000000000000000e+00
0.000000000000000000e+00
0.000000000000000000e+00
2.164744484302501553e-04
9.675329127808388746e-05
1.353562189666107120e-02
4.194289294962775042e-03
8.649445768821209524e-02
1.692846652053990250e-02
4.767485742219473160e-02
1.203819593580685889e-02
4.543653992366381011e-02
1.902311468553925453e-02
3.036528610094811620e-02
1.675687862348454460e-02
3.415951725188672711e-02
2.005677712197245430e-02
3.191885938519801319e-02
2.275454754612333749e-02
2.979985985637126356e-02
2.083687113675757041e-02
2.640855890543139864e-02
2.119097398533799012e-02
3.331183491202274055e-02
2.455030782241059834e-02
2.584943909390150299e-02
2.071005768700088026e-02
2.240973835314715584e-02
2.928155015789682750e-02
1.879596959825689112e-02
2.347087143183702873e-02
1.316037419885402078e-02
2.747685607152332288e-02
1.655968823164592416e-02
2.563866525747705849e-02
1.500244377316804767e-02
2.558656015757801785e-02
1.053657985818571077e-02
2.125476987762490999e-02
1.006687478420091250e-02
2.305035153095921774e-02
7.142967588830075043e-03
2.381808860642743372e-02
7.356485020458369654e-03
1.569354017137216187e-02
3.980754915214250282e-03
1.784565722542854130e-02
4.254863675535677098e-03
1.169082973174842034e-02
2.900134149471325033e-03
1.420935506760048067e-02
9.491685272308255294e-04
3.450054376944901649e-03
3.048256302123254842e-05
7.778456221581081173e-05
0.000000000000000000e+00
0.000000000000000000e+00
0.000000000000000000e+00
0.000000000000000000e+00
0.000000000000000000e+00
0.000000000000000000e+00
0.000000000000000000e+00
0.000000000000000000e+00
0.000000000000000000e+00
0.000000000000000000e+00
0.000000000000000000e+00
0.000000000000000000e+00
0.000000000000000000e+00
0.000000000000000000e+00
0.000000000000000000e+00
0.000000000000000000e+00
0.000000000000000000e+00
0.000000000000000000e+00
0.000000000000000000e+00
0.000000000000000000e+00
0.000000000000000000e+00
0.000000000000000000e+00
0.000000000000000000e+00

100 1
0.000000000000000000e+00
0.000000000000000000e+00
0.000000000000000000e+00
0.000000000000000000e+00
0.000000000000000000e+00
0.000000000000000000e+00
0.000000000000000000e+00
0.000000000000000000e+00
0.000000000000000000e+00
0.000000000000000000e+00
0.000000000000000000e+00
0.000000000000000000e+00
0.000000000000000000e+00
0.000000000000000000e+00
0.000000000000000000e+00
0.000000000000000000e+00
0.000000000000000000e+00
0.000000000000000000e+00
0.000000000000000000e+00
0.000000000000000000e+00
0.000000000000000000e+00
0.000000000000000000e+00
0.000000000000000000e+00
1.071974867885424422e-04
4.537021283415815578e-05
7.954816765394195910e-03
2.558648932228531521e-03
6.511309555676031424e-02
1.414790041593129086e-02
5.780704166019236950e-02
1.185540440220723968e-02
3.300465476367064888e-02
1.459212717302238969e-02
3.242259993554003766e-02
1.534811829799715734e-02
3.724786309279223828e-02
1.868675077757446859e-02
2.842659371792361986e-02
2.128804464186273560e-02
2.881988067326435657e-02
1.878514076335832672e-02
2.813160351676526755e-02
2.072940040443195520e-02
2.558979951636973157e-02
2.469207023628421094e-02
3.372471055053096606e-02
2.254512961588395203e-02
2.083456098482551824e-02
1.844011131647126100e-02
1.907460404516480440e-02
2.490842519903329125e-02
1.513122773627958648e-02
2.631444236362849923e-02
1.881390889931748925e-02
2.279811419858436550e-02
1.426112972557517199e-02
2.512004253089872644e-02
1.637050658101318890e-02
2.316453654667113490e-02
1.037991853251130081e-02
2.147093723293450399e-02
1.017184742402801705e-02
2.209462731330272267e-02
7.675252196714887898e-03
2.306146420315018097e-02
9.160012191645434260e-03
1.831974194477613629e-02
6.753012800781618176e-03
1.176772616918384494e-02
3.513817933385390488e-03
1.629663471334311109e-02
3.722456562154621319e-03
1.075160759487457998e-02
2.476965989070978574e-03
1.085392570033843346e-02
6.685837780296277491e-04
1.952745845930282725e-03
1.652912724292233184e-05
3.661950951945578433e-05
0.000000000000000000e+00
0.000000000000000000e+00
0.000000000000000000e+00
0.000000000000000000e+00
0.000000000000000000e+00
0.000000000000000000e+00
0.000000000000000000e+00
0.000000000000000000e+00
0.000000000000000000e+00
0.000000000000000000e+00
0.000000000000000000e+00
0.000000000000000000e+00
0.000000000000000000e+00
0.000000000000000000e+00
0.000000000000000000e+00
0.000000000000000000e+00
0.000000000000000000e+00
0.000000000000000000e+00
0.000000000000000000e+00
0.000000000000000000e+00
0.000000000000000000e+00

100 1
0.000000000000000000e+00
0.000000000000000000e+00
0.000000000000000000e+00
0.000000000000000000e+00
0.000000000000000000e+00
0.000000000000000000e+00
0.000000000000000000e+00
0.000000000000000000e+00
0.000000000000000000e+00
0.000000000000000000e+00
0.000000000000000000e+00
0.000000000000000000e+00
0.000000000000000000e+00
0.000000000000000000e+00
0.000000000000000000e+00
0.000000000000000000e+00
0.000000000000000000e+00
0.000000000000000000e+00
0.000000000000000000e+00
0.000000000000000000e+00
0.000000000000000000e+00
5.296349233882578967e-05
2.370024204916286163e-05
4.538440304603433111e-03
1.578836618755400344e-03
4.667666841111661746e-02
1.081715809050147296e-02
6.405253774699018465e-02
9.957391960205091985e-03
2.435311197297448590e-02
1.557843947948714912e-02
3.514068026231690484e-02
1.146450644448443641e-02
3.244167907340642781e-02
1.949448767825257348e-02
2.566782180246285697e-02
1.817698339538117991e-02
2.892824148860774144e-02
1.761436810684855261e-02
2.904873826671573733e-02
2.117080507550227197e-02
2.161001320451059332e-02
2.361293334782560774e-02
3.073034140123135152e-02
2.227586479290433533e-02
2.141508084765470984e-02
2.348368261509337432e-02
1.919110561460743783e-02
2.441123615523169837e-02
2.199297607497980103e-02
1.598704791491048147e-02
1.674047819770203491e-02
2.131737631622724130e-02
1.587869285949899609e-02
2.392115495958473462e-02
1.699328692019506926e-02
2.540159800744118054e-02
1.353466213694335882e-02
2.341839367826488091e-02
1.254567683455619885e-02
2.097610045173469231e-02
1.080090670250469578e-02
1.734763563813128406e-02
8.120547172767030378e-03
2.095286251133832156e-02
8.291712844456863504e-03
2.296338001534121293e-02
5.851156824744598722e-03
1.619003119620820302e-02
4.398346231714691731e-03
1.092448160309258433e-02
3.636532502600849440e-03
1.424671467570645320e-02
2.207143067454732290e-03
1.022011227135951467e-02
1.644757050037477580e-03
8.438989586644225424e-03
3.821645586959841658e-04
1.141082928376953081e-03
8.095134025231521928e-06
1.808524068984911133e-05
0.000000000000000000e+00
0.000000000000000000e+00
0.000000000000000000e+00
0.000000000000000000e+00
0.000000000000000000e+00
0.000000000000000000e+00
0.000000000000000000e+00
0.000000000000000000e+00
0.000000000000000000e+00
0.000000000000000000e+00
0.000000000000000000e+00
0.000000000000000000e+00
0.000000000000000000e+00
0.000000000000000000e+00
0.000000000000000000e+00
0.000000000000000000e+00
0.000000000000000000e+00
0.000000000000000000e+00
0.000000000000000000e+00

100 1
0.000000000000000000e+00
0.000000000000000000e+00
0.000000000000000000e+00
0.000000000000000000e+00
0.000000000000000000e+00
0.000000000000000000e+00
0.000000000000000000e+00
0.000000000000000000e+00
0.000000000000000000e+00
0.000000000000000000e+00
0.000000000000000000e+00
0.000000000000000000e+00
0.000000000000000000e+00
0.000000000000000000e+00
0.000000000000000000e+00
0.000000000000000000e+00
0.000000000000000000e+00
0.000000000000000000e+00
0.000000000000000000e+00
2.789207702139459593e-05
1.178099739791053514e-05
2.714912855179210747e-03
8.818046745584713934e-04
3.391291102234752358e-02
7.416181969600064289e-03
6.586027886836962053e-02
7.989172351479008338e-03
1.896791804472595239e-02
1.143953953970122846e-02
3.944765108735880793e-02
1.231876525739414828e-02
2.748175609264249392e-02
1.428034106951755512e-02
2.287488319773621492e-02
1.698779000273891240e-02
3.283183754769268548e-02
1.622732001452125566e-02
2.370625745434362316e-02
2.132439611543484811e-02
2.734532982946138308e-02
1.812653530271154945e-02
3.033794936211548984e-02
1.668724438848851258e-02
2.436700168837317715e-02
1.929068710771896650e-02
1.830070187247267652e-02
2.511181379184995038e-02
2.246583627773241290e-02
2.368201913939927197e-02
1.879998599812592389e-02
2.082395323034677212e-02
1.251147911125210545e-02
1.955631601618818688e-02
1.414749758926545434e-02
2.286460066711062944e-02
1.676516762103300723e-02
2.213480956690215898e-02
1.017741450007168813e-02
2.465759806225265027e-02
1.236055103017020748e-02
2.359626231132937527e-02
1.009887283970248816e-02
2.061871405803451449e-02
9.485329660870112783e-03
1.672806430114263249e-02
7.953350733420299842e-03
1.852352314093779276e-02
5.756213307896572429e-03
2.114347150170080292e-02
5.717496461437863477e-03
1.401088934500276974e-02
3.277641820547256852e-03
1.047374209509199100e-02
2.661659472641866864e-03
1.262693111460504863e-02
1.749903651292357637e-03
9.580318565737506314e-03
1.456366571606484972e-03
6.357594947351266276e-03
2.478567043852486626e-04
7.035273551051465834e-04
4.848592857006644413e-06
9.539054488866856844e-06
0.000000000000000000e+00
0.000000000000000000e+00
0.000000000000000000e+00
0.000000000000000000e+00
0.000000000000000000e+00
0.000000000000000000e+00
0.000000000000000000e+00
0.000000000000000000e+00
0.000000000000000000e+00
0.000000000000000000e+00
0.000000000000000000e+00
0.000000000000000000e+00
0.000000000000000000e+00
0.000000000000000000e+00
0.000000000000000000e+00
0.000000000000000000e+00
0.000000000000000000e+00

100 1
0.000000000000000000e+00
0.000000000000000000e+00
0.000000000000000000e+00
0.000000000000000000e+00
0.000000000000000000e+00
0.000000000000000000e+00
0.000000000000000000e+00
0.000000000000000000e+00
0.000000000000000000e+00
0.000000000000000000e+00
0.000000000000000000e+00
0.000000000000000000e+00
0.000000000000000000e+00
0.000000000000000000e+00
0.000000000000000000e+00
0.000000000000000000e+00
0.000000000000000000e+00
1.534294178048803035e-05
4.457012869102630585e-06
1.657389035328161835e-03
3.999805207410987089e-04
2.399274196889077115e-02
4.446954610785745256e-03
6.049752611107055145e-02
7.696481689889415369e-03
2.077545351936877296e-02
8.419807484835471756e-03
3.704657903515960055e-02
1.160827581174913962e-02
1.959393351928809604e-02
1.461699492939211482e-02
2.404713645336349279e-02
1.605796375434016821e-02
2.678527897202864425e-02
1.557811318221538448e-02
2.359478372039974098e-02
2.356519402365629678e-02
1.972946751360252216e-02
1.901860843076216834e-02
2.628032452039438804e-02
2.167238176223221929e-02
2.877703391920940004e-02
2.219349848479410664e-02
1.892747182474933607e-02
1.703652067414345231e-02
2.399847632572207901e-02
1.879444795653345893e-02
1.966529868179447277e-02
2.183590053759470670e-02
1.766067401204168483e-02
2.016814544632079126e-02
1.651634057540471434e-02
1.714876622088028213e-02
1.649937604155827034e-02
1.787094772884249144e-02
1.565898484184388012e-02
2.200035089037006078e-02
1.258624079858454425e-02
1.819947785667071563e-02
1.420484148855783585e-02
2.055711518697891926e-02
1.172964377874197855e-02
2.194081874692508857e-02
8.568555738619957132e-03
2.002736572304887955e-02
8.562421106732429066e-03
1.556171523854797678e-02
7.855108505991382009e-03
1.878616862528618980e-02
5.335810736231247700e-03
1.604549905128135889e-02
4.634306817098435283e-03
1.046150389747687974e-02
3.313515502600721408e-03
1.062279860158537280e-02
2.232955641925589083e-03
1.039932235287172567e-02
1.519954276374522453e-03
8.852284313102379287e-03
8.248072365054702568e-04
4.770500213993576766e-03
9.672791222338062540e-05
4.503221433332423181e-04
1.402034133498884326e-06
5.411788617541288048e-06
0.000000000000000000e+00
0.000000000000000000e+00
0.000000000000000000e+00
0.000000000000000000e+00
0.000000000000000000e+00
0.000000000000000000e+00
0.000000000000000000e+00
0.000000000000000000e+00
0.000000000000000000e+00
0.000000000000000000e+00
0.000000000000000000e+00
0.000000000000000000e+00
0.000000000000000000e+00
0.000000000000000000e+00
0.000000000000000000e+00

100 1
0.000000000000000000e+00
0.000000000000000000e+00
0.000000000000000000e+00
0.000000000000000000e+00
0.000000000000000000e+00
0.000000000000000000e+00
0.000000000000000000e+00
0.000000000000000000e+00
0.000000000000000000e+00
0.000000000000000000e+00
0.000000000000000000e+00
0.000000000000000000e+00
0.000000000000000000e+00
0.000000000000000000e+00
0.000000000000000000e+00
8.259572107628468182e-06
3.091475302148935018e-06
9.882471213772891193e-04
3.160048935442751300e-04
1.638527145253822204e-02
4.274029257051280804e-03
5.059507912800805668e-02
1.074865142652041763e-02
2.151485632025793709e-02
8.263482617973988767e-03
3.338805986685487032e-02
9.683662387582347292e-03
1.980565155333275165e-02
9.275638928214190518e-03
2.481582609626233754e-02
1.055392943134473259e-02
3.146460638593840536e-02
1.266270317984803141e-02
2.188931111608465735e-02
1.463549953926694680e-02
2.048899235479479178e-02
1.585739539525930775e-02
2.763678926358261248e-02
1.921917966199566952e-02
2.908220908742115834e-02
2.241151360789880170e-02
2.443142322775387204e-02
1.686673138749434850e-02
2.292495458721541951e-02
1.645659301541133740e-02
1.939219283591539500e-02
1.992416103707305916e-02
2.022323401433901921e-02
1.981581144662965949e-02
1.833857273903930982e-02
1.922810248041733824e-02
1.480878912530498616e-02
2.005399793976528344e-02
1.471365680699746742e-02
1.848813887407848092e-02
1.204735428763709093e-02
1.669928853538000038e-02
1.492157655008304745e-02
2.363098310396278753e-02
1.096334714043005823e-02
1.991892541359518640e-02
1.121342155822611063e-02
1.716447481876271289e-02
9.780097510552379636e-03
2.206764645844393538e-02
7.417073059082782659e-03
1.789871174488295857e-02
5.525971544488040774e-03
1.665886582257615489e-02
5.541901528172498044e-03
1.679854242177591245e-02
4.660813586638254229e-03
1.561820889007550436e-02
4.625609101091641279e-03
7.937201725914192971e-03
2.389775480788347735e-03
9.955227215534391202e-03
2.817785544740740531e-03
8.218000582210989099e-03
1.481563969258417428e-03
7.777584891641137373e-03
7.805971415664540421e-04
3.474473881847022112e-03
8.569562235143983139e-05
2.905953437052617803e-04
1.176076484545308890e-06
3.208810289128680439e-06
0.000000000000000000e+00
0.000000000000000000e+00
0.000000000000000000e+00
0.000000000000000000e+00
0.000000000000000000e+00
0.000000000000000000e+00
0.000000000000000000e+00
0.000000000000000000e+00
0.000000000000000000e+00
0.000000000000000000e+00
0.000000000000000000e+00
0.000000000000000000e+00
0.000000000000000000e+00

100 1
0.000000000000000000e+00
0.000000000000000000e+00
0.000000000000000000e+00
0.000000000000000000e+00
0.000000000000000000e+00
0.000000000000000000e+00
0.000000000000000000e+00
0.000000000000000000e+00
0.000000000000000000e+00
0.000000000000000000e+00
0.000000000000000000e+00
0.000000000000000000e+00
0.000000000000000000e+00
4.255841558271897746e-06
1.833666162517867244e-06
5.671949334610125112e-04
1.988573881042104009e-04
1.087534955079983920e-02
2.904623288824014025e-03
4.234817175653802362e-02
7.894421277758464223e-03
2.662147067045095641e-02
6.381067663094537427e-03
2.632318090069113090e-02
9.521217587659237466e-03
1.943802588476498117e-02
1.043003524748147524e-02
2.387667844299622144e-02
1.143164297000540813e-02
2.298465764526300831e-02
1.659640031181746495e-02
1.892841724978036946e-02
1.397929613661904984e-02
2.075166960311310149e-02
1.616502692738494562e-02
2.327177196529128453e-02
1.495626367635031866e-02
2.808889209359135067e-02
2.424413542261798574e-02
1.920684503404274796e-02
1.961379726059850337e-02
1.827476122373498935e-02
2.293086056154942931e-02
2.354642032780195071e-02
1.669530340097818283e-02
2.186365574589380079e-02
1.548474151310108397e-02
1.973015620750478635e-02
1.865262256947054775e-02
1.639502558051770045e-02
2.024109328644016145e-02
1.279344124788262156e-02
1.867874366114961188e-02
1.498343095155652178e-02
1.884227515248282012e-02
1.119043332059014954e-02
1.934219960672774880e-02
1.273257372330278969e-02
1.748396279545398613e-02
1.191329280444164418e-02
2.123444891609051546e-02
9.795641267287196613e-03
2.160538361726430101e-02
1.149068191983614561e-02
1.370317955883012737e-02
8.989738541207180356e-03
1.838475079752258448e-02
8.907430255502420471e-03
1.374574762301384451e-02
7.189865550891881736e-03
1.503397501266385237e-02
6.363285121945280037e-03
1.437861348092927920e-02
4.402836319174673919e-03
1.413192150017958046e-02
3.332734827344374824e-03
5.532745758132673330e-03
2.496636998108427499e-03
1.004054998741596601e-02
1.769611396204325351e-03
6.823106526956427068e-03
1.139705649030300612e-03
6.924227929197211175e-03
6.183405121413851737e-04
2.357273200470913314e-03
6.199402624770728495e-05
1.630167674730208574e-04
7.700090894790453878e-07
1.592852434140944655e-06
0.000000000000000000e+00
0.000000000000000000e+00
0.000000000000000000e+00
0.000000000000000000e+00
0.000000000000000000e+00
0.000000000000000000e+00
0.000000000000000000e+00
0.000000000000000000e+00
0.000000000000000000e+00
0.000000000000000000e+00
0.000000000000000000e+00

100 1
0.000000000000000000e+00
0.000000000000000000e+00
0.000000000000000000e+00
0.000000000000000000e+00
0.000000000000000000e+00
0.000000000000000000e+00
0.000000000000000000e+00
0.000000000000000000e+00
0.000000000000000000e+00
0.000000000000000000e+00
0.000000000000000000e+00
2.268660790381526345e-06
8.111355557374820124e-07
3.211669268049751670e-04
1.037433138921891771e-04
6.844393085829688674e-03
1.851977626943979247e-03
3.237499506281581868e-02
6.523540147547276895e-03
2.928613519656477621e-02
6.008217912931503556e-03
1.932779099006566928e-02
1.013791932524409772e-02
2.176647949459644196e-02
8.980618638695070030e-03
2.038858017798828026e-02
1.383741026243032711e-02
1.908387738363861996e-02
1.297897449228144033e-02
2.446924145325842653e-02
8.961472825755906202e-03
2.218737824488183422e-02
1.376888384571018850e-02
1.820892135995747993e-02
1.596996436263639629e-02
2.105344158886940029e-02
2.295599183510671146e-02
2.030048215228056480e-02
1.956914959382656527e-02
1.340744958458940130e-02
2.405340091060862578e-02
2.674055580950661370e-02
2.009419846338153515e-02
2.050707088014609020e-02
2.095472412884632693e-02
2.000321730119939204e-02
1.837889880704849516e-02
1.677005647920544462e-02
1.659277031150968237e-02
1.533907409704735741e-02
1.628272660949656170e-02
1.721461211338544406e-02
1.732306226503452923e-02
1.161387801105588993e-02
1.534686522386804509e-02
1.866692167766443797e-02
1.823844057358439338e-02
1.285204012188829494e-02
1.676138696475469592e-02
9.441457105905253638e-03
1.641422705662726189e-02
1.629094690299620271e-02
1.747497633164362199e-02
9.318525042649497894e-03
1.881364373114024699e-02
8.670042430666680469e-03
1.486282223736714800e-02
7.827620541317997782e-03
1.800496464472406757e-02
7.223516146472552975e-03
1.236544702773097540e-02
6.340245868140989213e-03
1.273540432383216646e-02
4.905794787101327471e-03
1.449665099367962971e-02
4.487904305313305045e-03
1.049666277327577189e-02
2.220125641326253264e-03
5.710714521397189727e-03
2.380221738524534135e-03
9.095478896236474514e-03
1.551610826540411343e-03
5.938780733589769066e-03
9.880267479789970209e-04
5.485501279654509017e-03
3.985906784641466707e-04
1.527265041135701922e-03
3.110105156592814208e-05
9.533425218798213211e-05
3.151445550443729933e-07
9.037655227537876504e-07
0.000000000000000000e+00
0.000000000000000000e+00
0.000000000000000000e+00
0.000000000000000000e+00
0.000000000000000000e+00
0.000000000000000000e+00
0.000000000000000000e+00
0.000000000000000000e+00
0.000000000000000000e+00

