100 1
0.000000000000000000e+00
0.000000000000000000e+00
0.000000000000000000e+00
0.000000000000000000e+00
0.000000000000000000e+00
0.000000000000000000e+00
0.000000000000000000e+00
0.000000000000000000e+00
0.000000000000000000e+00
0.000000000000000000e+00
0.000000000000000000e+00
0.000000000000000000e+00
0.000000000000000000e+00
0.000000000000000000e+00
0.000000000000000000e+00
0.000000000000000000e+00
0.000000000000000000e+00
0.000000000000000000e+00
0.000000000000000000e+00
0.000000000000000000e+00
0.000000000000000000e+00
0.000000000000000000e+00
0.000000000000000000e+00
0.000000000000000000e+00
0.000000000000000000e+00
0.000000000000000000e+00
0.000000000000000000e+00
0.000000000000000000e+00
0.000000000000000000e+00
0.000000000000000000e+00
0.000000000000000000e+00
0.000000000000000000e+00
0.000000000000000000e+00
0.000000000000000000e+00
0.000000000000000000e+00
0.000000000000000000e+00
0.000000000000000000e+00
0.000000000000000000e+00
0.000000000000000000e+00
0.000000000000000000e+00
0.000000000000000000e+00
0.000000000000000000e+00
0.000000000000000000e+00
0.000000000000000000e+00
0.000000000000000000e+00
0.000000000000000000e+00
0.000000000000000000e+00
0.000000000000000000e+00
0.000000000000000000e+00
0.000000000000000000e+00
0.000000000000000000e+00
1.000000000000000000e+00
0.000000000000000000e+00
0.000000000000000000e+00
0.000000000000000000e+00
0.000000000000000000e+00
0.000000000000000000e+00
0.000000000000000000e+00
0.000000000000000000e+00
0.000000000000000000e+00
0.000000000000000000e+00
0.000000000000000000e+00
0.000000000000000000e+00
0.000000000000000000e+00
0.000000000000000000e+00
0.000000000000000000e+00
0.000000000000000000e+00
0.000000000000000000e+00
0.000000000000000000e+00
0.000000000000000000e+00
0.000000000000000000e+00
0.000000000000000000e+00
0.000000000000000000e+00
0.000000000000000000e+00
0.000000000000000000e+00
0.000000000000000000e+00
0.000000000000000000e+00
0.000000000000000000e+00
0.000000000000000000e+00
0.000000000000000000e+00
0.000000000000000000e+00
0.000000000000000000e+00
0.000000000000000000e+00
0.000000000000000000e+00
0.000000000000000000e+00
0.000000000000000000e+00
0.000000000000000000e+00
0.000000000000000000e+00
0.000000000000000000e+00
0.000000000000000000e+00
0.000000000000000000e+00
0.000000000000000000e+00
0.000000000000000000e+00
0.000000000000000000e+00
0.000000000000000000e+00
0.000000000000000000e+00
0.000000000000000000e+00
0.000000000000000000e+00
0.000000000000000000e+00
0.000000000000000000e+00

100 1
0.000000000000000000e+00
0.000000000000000000e+00
0.000000000000000000e+00
0.000000000000000000e+00
0.000000000000000000e+00
0.000000000000000000e+00
0.000000000000000000e+00
0.000000000000000000e+00
0.000000000000000000e+00
0.000000000000000000e+00
0.000000000000000000e+00
0.000000000000000000e+00
0.000000000000000000e+00
0.000000000000000000e+00
0.000000000000000000e+00
0.000000000000000000e+00
0.000000000000000000e+00
0.000000000000000000e+00
0.000000000000000000e+00
0.000000000000000000e+00
0.000000000000000000e+00
0.000000000000000000e+00
0.000000000000000000e+00
0.000000000000000000e+00
0.000000000000000000e+00
0.000000000000000000e+00
0.000000000000000000e+00
0.000000000000000000e+00
0.000000000000000000e+00
0.000000000000000000e+00
0.000000000000000000e+00
0.000000000000000000e+00
0.000000000000000000e+00
0.000000000000000000e+00
0.000000000000000000e+00
0.000000000000000000e+00
0.000000000000000000e+00
0.000000000000000000e+00
0.000000000000000000e+00
0.000000000000000000e+00
0.000000000000000000e+00
0.000000000000000000e+00
0.000000000000000000e+00
0.000000000000000000e+00
0.000000000000000000e+00
0.000000000000000000e+00
0.000000000000000000e+00
0.000000000000000000e+00
0.000000000000000000e+00
4.713603353410467101e-01
2.375891854628840172e-01
9.766399958229564360e-02
1.933864796137730602e-01
0.000000000000000000e+00
0.000000000000000000e+00
0.000000000000000000e+00
0.000000000000000000e+00
0.000000000000000000e+00
0.000000000000000000e+00
0.000000000000000000e+00
0.000000000000000000e+00
0.000000000000000000e+00
0.000000000000000000e+00
0.000000000000000000e+00
0.000000000000000000e+00
0.000000000000000000e+00
0.000000000000000000e+00
0.000000000000000000e+00
0.000000000000000000e+00
0.000000000000000000e+00
0.000000000000000000e+00
0.000000000000000000e+00
0.000000000000000000e+00
0.000000000000000000e+00
0.000000000000000000e+00
0.000000000000000000e+00
0.000000000000000000e+00
0.000000000000000000e+00
0.000000000000000000e+00
0.000000000000000000e+00
0.000000000000000000e+00
0.000000000000000000e+00
0.000000000000000000e+00
0.000000000000000000e+00
0.000000000000000000e+00
0.000000000000000000e+00
0.000000000000000000e+00
0.000000000000000000e+00
0.000000000000000000e+00
0.000000000000000000e+00
0.000000000000000000e+00
0.000000000000000000e+00
0.000000000000000000e+00
0.000000000000000000e+00
0.000000000000000000e+00
0.000000000000000000e+00
0.000000000000000000e+00
0.000000000000000000e+00
0.000000000000000000e+00
0.000000000000000000e+00

100 1
0.000000000000000000e+00
0.000000000000000000e+00
0.000000000000000000e+00
0.000000000000000000e+00
0.000000000000000000e+00
0.000000000000000000e+00
0.000000000000000000e+00
0.000000000000000000e+00
0.000000000000000000e+00
0.000000000000000000e+00
0.000000000000000000e+00
0.000000000000000000e+00
0.000000000000000000e+00
0.000000000000000000e+00
0.000000000000000000e+00
0.000000000000000000e+00
0.000000000000000000e+00
0.000000000000000000e+00
0.000000000000000000e+00
0.000000000000000000e+00
0.000000000000000000e+00
0.000000000000000000e+00
0.000000000000000000e+00
0.000000000000000000e+00
0.000000000000000000e+00
0.000000000000000000e+00
0.000000000000000000e+00
0.000000000000000000e+00
0.000000000000000000e+00
0.000000000000000000e+00
0.000000000000000000e+00
0.000000000000000000e+00
0.000000000000000000e+00
0.000000000000000000e+00
0.000000000000000000e+00
0.000000000000000000e+00
0.000000000000000000e+00
0.000000000000000000e+00
0.000000000000000000e+00
0.000000000000000000e+00
0.000000000000000000e+00
0.000000000000000000e+00
0.000000000000000000e+00
0.000000000000000000e+00
0.000000000000000000e+00
0.000000000000000000e+00
0.000000000000000000e+00
2.387564661624557438e-01
9.716319827834193901e-02
2.640920017956771004e-01
6.763570833911858315e-02
9.085522980575957974e-02
1.078754092235250234e-01
3.779880048366848766e-02
9.582318591145201625e-02
0.000000000000000000e+00
0.000000000000000000e+00
0.000000000000000000e+00
0.000000000000000000e+00
0.000000000000000000e+00
0.000000000000000000e+00
0.000000000000000000e+00
0.000000000000000000e+00
0.000000000000000000e+00
0.000000000000000000e+00
0.000000000000000000e+00
0.000000000000000000e+00
0.000000000000000000e+00
0.000000000000000000e+00
0.000000000000000000e+00
0.000000000000000000e+00
0.000000000000000000e+00
0.000000000000000000e+00
0.000000000000000000e+00
0.000000000000000000e+00
0.000000000000000000e+00
0.000000000000000000e+00
0.000000000000000000e+00
0.000000000000000000e+00
0.000000000000000000e+00
0.000000000000000000e+00
0.000000000000000000e+00
0.000000000000000000e+00
0.000000000000000000e+00
0.000000000000000000e+00
0.000000000000000000e+00
0.000000000000000000e+00
0.000000000000000000e+00
0.000000000000000000e+00
0.000000000000000000e+00
0.000000000000000000e+00
0.000000000000000000e+00
0.000000000000000000e+00
0.000000000000000000e+00
0.000000000000000000e+00
0.000000000000000000e+00
0.000000000000000000e+00
0.000000000000000000e+00
0.000000000000000000e+00
0.000000000000000000e+00

100 1
0.000000000000000000e+00
0.000000000000000000e+00
0.000000000000000000e+00
0.000000000000000000e+00
0.000000000000000000e+00
0.000000000000000000e+00
0.000000000000000000e+00
0.000000000000000000e+00
0.000000000000000000e+00
0.000000000000000000e+00
0.000000000000000000e+00
0.000000000000000000e+00
0.000000000000000000e+00
0.000000000000000000e+00
0.000000000000000000e+00
0.000000000000000000e+00
0.000000000000000000e+00
0.000000000000000000e+00
0.000000000000000000e+00
0.000000000000000000e+00
0.000000000000000000e+00
0.000000000000000000e+00
0.000000000000000000e+00
0.000000000000000000e+00
0.000000000000000000e+00
0.000000000000000000e+00
0.000000000000000000e+00
0.000000000000000000e+00
0.000000000000000000e+00
0.000000000000000000e+00
0.000000000000000000e+00
0.000000000000000000e+00
0.000000000000000000e+00
0.000000000000000000e+00
0.000000000000000000e+00
0.000000000000000000e+00
0.000000000000000000e+00
0.000000000000000000e+00
0.000000000000000000e+00
0.000000000000000000e+00
0.000000000000000000e+00
0.000000000000000000e+00
0.000000000000000000e+00
0.000000000000000000e+00
0.000000000000000000e+00
1.010579510317402424e-01
5.293582911938665703e-02
2.872089297311329337e-01
9.068602034888442742e-02
9.264632682399000230e-02
8.546265474166116205e-02
4.384693833027027143e-02
6.436539851654585198e-02
3.700562285479925412e-02
7.551163518368975147e-02
2.568586537196788575e-02
4.358682794592939891e-02
0.000000000000000000e+00
0.000000000000000000e+00
0.000000000000000000e+00
0.000000000000000000e+00
0.000000000000000000e+00
0.000000000000000000e+00
0.000000000000000000e+00
0.000000000000000000e+00
0.000000000000000000e+00
0.000000000000000000e+00
0.000000000000000000e+00
0.000000000000000000e+00
0.000000000000000000e+00
0.000000000000000000e+00
0.000000000000000000e+00
0.000000000000000000e+00
0.000000000000000000e+00
0.000000000000000000e+00
0.000000000000000000e+00
0.000000000000000000e+00
0.000000000000000000e+00
0.000000000000000000e+00
0.000000000000000000e+00
0.000000000000000000e+00
0.000000000000000000e+00
0.000000000000000000e+00
0.000000000000000000e+00
0.000000000000000000e+00
0.000000000000000000e+00
0.000000000000000000e+00
0.000000000000000000e+00
0.000000000000000000e+00
0.000000000000000000e+00
0.000000000000000000e+00
0.000000000000000000e+00
0.000000000000000000e+00
0.000000000000000000e+00
0.000000000000000000e+00
0.000000000000000000e+00
0.000000000000000000e+00
0.000000000000000000e+00
0.000000000000000000e+00
0.000000000000000000e+00

100 1
0.000000000000000000e+00
0.000000000000000000e+00
0.000000000000000000e+00
0.000000000000000000e+00
0.000000000000000000e+00
0.000000000000000000e+00
0.000000000000000000e+00
0.000000000000000000e+00
0.000000000000000000e+00
0.000000000000000000e+00
0.000000000000000000e+00
0.000000000000000000e+00
0.000000000000000000e+00
0.000000000000000000e+00
0.000000000000000000e+00
0.000000000000000000e+00
0.000000000000000000e+00
0.000000000000000000e+00
0.000000000000000000e+00
0.000000000000000000e+00
0.000000000000000000e+00
0.000000000000000000e+00
0.000000000000000000e+00
0.000000000000000000e+00
0.000000000000000000e+00
0.000000000000000000e+00
0.000000000000000000e+00
0.000000000000000000e+00
0.000000000000000000e+00
0.000000000000000000e+00
0.000000000000000000e+00
0.000000000000000000e+00
0.000000000000000000e+00
0.000000000000000000e+00
0.000000000000000000e+00
0.000000000000000000e+00
0.000000000000000000e+00
0.000000000000000000e+00
0.000000000000000000e+00
0.000000000000000000e+00
0.000000000000000000e+00
0.000000000000000000e+00
0.000000000000000000e+00
4.743537855801097103e-02
1.565373716487343525e-02
2.728949684112933483e-01
4.472922331041741251e-02
6.096606237508699067e-02
6.489704422421342656e-02
7.296089903581420844e-02
9.520280665827664246e-02
3.577149648449785835e-02
7.561618868378827685e-02
1.810036587610588249e-02
8.030772511344644315e-02
2.070227408392005461e-02
6.584227668070331829e-02
4.834799022682238767e-03
2.408475431686662657e-02
0.000000000000000000e+00
0.000000000000000000e+00
0.000000000000000000e+00
0.000000000000000000e+00
0.000000000000000000e+00
0.000000000000000000e+00
0.000000000000000000e+00
0.000000000000000000e+00
0.000000000000000000e+00
0.000000000000000000e+00
0.000000000000000000e+00
0.000000000000000000e+00
0.000000000000000000e+00
0.000000000000000000e+00
0.000000000000000000e+00
0.000000000000000000e+00
0.000000000000000000e+00
0.000000000000000000e+00
0.000000000000000000e+00
0.000000000000000000e+00
0.000000000000000000e+00
0.000000000000000000e+00
0.000000000000000000e+00
0.000000000000000000e+00
0.000000000000000000e+00
0.000000000000000000e+00
0.000000000000000000e+00
0.000000000000000000e+00
0.000000000000000000e+00
0.000000000000000000e+00
0.000000000000000000e+00
0.000000000000000000e+00
0.000000000000000000e+00
0.000000000000000000e+00
0.000000000000000000e+00
0.000000000000000000e+00
0.000000000000000000e+00
0.000000000000000000e+00
0.000000000000000000e+00
0.000000000000000000e+00
0.000000000000000000e+00

100 1
0.000000000000000000e+00
0.000000000000000000e+00
0.000000000000000000e+00
0.000000000000000000e+00
0.000000000000000000e+00
0.000000000000000000e+00
0.000000000000000000e+00
0.000000000000000000e+00
0.000000000000000000e+00
0.000000000000000000e+00
0.000000000000000000e+00
0.000000000000000000e+00
0.000000000000000000e+00
0.000000000000000000e+00
0.000000000000000000e+00
0.000000000000000000e+00
0.000000000000000000e+00
0.000000000000000000e+00
0.000000000000000000e+00
0.000000000000000000e+00
0.000000000000000000e+00
0.000000000000000000e+00
0.000000000000000000e+00
0.000000000000000000e+00
0.000000000000000000e+00
0.000000000000000000e+00
0.000000000000000000e+00
0.000000000000000000e+00
0.000000000000000000e+00
0.000000000000000000e+00
0.000000000000000000e+00
0.000000000000000000e+00
0.000000000000000000e+00
0.000000000000000000e+00
0.000000000000000000e+00
0.000000000000000000e+00
0.000000000000000000e+00
0.000000000000000000e+00
0.000000000000000000e+00
0.000000000000000000e+00
0.000000000000000000e+00
2.171776120035971008e-02
8.396117978576655289e-03
1.915851244806866527e-01
5.012687618589022065e-02
5.605648068581614574e-02
6.090587937886794007e-02
9.288549754900818356e-02
4.691120626963581064e-02
5.532890465996564977e-02
5.189067567028095296e-02
3.687221661710554654e-02
6.862570771005421788e-02
3.289200776248542291e-02
6.477354034625036616e-02
2.890128271815418926e-02
5.516519616751291294e-02
1.559625299267383518e-02
4.720997793807642229e-02
3.389724924072865311e-03
1.076956876452254269e-02
0.000000000000000000e+00
0.000000000000000000e+00
0.000000000000000000e+00
0.000000000000000000e+00
0.000000000000000000e+00
0.000000000000000000e+00
0.000000000000000000e+00
0.000000000000000000e+00
0.000000000000000000e+00
0.000000000000000000e+00
0.000000000000000000e+00
0.000000000000000000e+00
0.000000000000000000e+00
0.000000000000000000e+00
0.000000000000000000e+00
0.000000000000000000e+00
0.000000000000000000e+00
0.000000000000000000e+00
0.000000000000000000e+00
0.000000000000000000e+00
0.000000000000000000e+00
0.000000000000000000e+00
0.000000000000000000e+00
0.000000000000000000e+00
0.000000000000000000e+00
0.000000000000000000e+00
0.000000000000000000e+00
0.000000000000000000e+00
0.000000000000000000e+00
0.000000000000000000e+00
0.000000000000000000e+00
0.000000000000000000e+00
0.000000000000000000e+00
0.000000000000000000e+00
0.000000000000000000e+00
0.000000000000000000e+00
0.000000000000000000e+00
0.000000000000000000e+00
0.000000000000000000e+00

100 1
0.000000000000000000e+00
0.000000000000000000e+00
0.000000000000000000e+00
0.000000000000000000e+00
0.000000000000000000e+00
0.000000000000000000e+00
0.000000000000000000e+00
0.000000000000000000e+00
0.000000000000000000e+00
0.000000000000000000e+00
0.000000000000000000e+00
0.000000000000000000e+00
0.000000000000000000e+00
0.000000000000000000e+00
0.000000000000000000e+00
0.000000000000000000e+00
0.000000000000000000e+00
0.000000000000000000e+00
0.000000000000000000e+00
0.000000000000000000e+00
0.000000000000000000e+00
0.000000000000000000e+00
0.000000000000000000e+00
0.000000000000000000e+00
0.000000000000000000e+00
0.000000000000000000e+00
0.000000000000000000e+00
0.000000000000000000e+00
0.000000000000000000e+00
0.000000000000000000e+00
0.000000000000000000e+00
0.000000000000000000e+00
0.000000000000000000e+00
0.000000000000000000e+00
0.000000000000000000e+00
0.000000000000000000e+00
0.000000000000000000e+00
0.000000000000000000e+00
0.000000000000000000e+00
9.806595737862995946e-03
4.781137104623768390e-03
1.119129703663291203e-01
4.113304881289980147e-02
7.841343590716304268e-02
4.592786948885609760e-02
7.426031990809982275e-02
5.019933327575386989e-02
6.271884875599770259e-02
5.673019248371122258e-02
4.074195326267299189e-02
4.617697700303127067e-02
3.287290743001360788e-02
5.545934842392021696e-02
6.189864533273387037e-02
4.466069388653038513e-02
2.516332071250967570e-02
4.704701814484845562e-02
1.997131766748783122e-02
4.136270910122050865e-02
1.019222241260174175e-02
3.092136591210575478e-02
2.620378184128776058e-03
5.027390684893132296e-03
0.000000000000000000e+00
0.000000000000000000e+00
0.000000000000000000e+00
0.000000000000000000e+00
0.000000000000000000e+00
0.000000000000000000e+00
0.000000000000000000e+00
0.000000000000000000e+00
0.000000000000000000e+00
0.000000000000000000e+00
0.000000000000000000e+00
0.000000000000000000e+00
0.000000000000000000e+00
0.000000000000000000e+00
0.000000000000000000e+00
0.000000000000000000e+00
0.000000000000000000e+00
0.000000000000000000e+00
0.000000000000000000e+00
0.000000000000000000e+00
0.000000000000000000e+00
0.000000000000000000e+00
0.000000000000000000e+00
0.000000000000000000e+00
0.000000000000000000e+00
0.000000000000000000e+00
0.000000000000000000e+00
0.000000000000000000e+00
0.000000000000000000e+00
0.000000000000000000e+00
0.000000000000000000e+00
0.000000000000000000e+00
0.000000000000000000e+00
0.000000000000000000e+00
0.000000000000000000e+00
0.000000000000000000e+00
0.000000000000000000e+00

100 1
0.000000000000000000e+00
0.000000000000000000e+00
0.000000000000000000e+00
0.000000000000000000e+00
0.000000000000000000e+00
0.000000000000000000e+00
0.000000000000000000e+00
0.000000000000000000e+00
0.000000000000000000e+00
0.000000000000000000e+00
0.000000000000000000e+00
0.000000000000000000e+00
0.000000000000000000e+00
0.000000000000000000e+00
0.000000000000000000e+00
0.000000000000000000e+00
0.000000000000000000e+00
0.000000000000000000e+00
0.000000000000000000e+00
0.000000000000000000e+00
0.000000000000000000e+00
0.000000000000000000e+00
0.000000000000000000e+00
0.000000000000000000e+00
0.000000000000000000e+00
0.000000000000000000e+00
0.000000000000000000e+00
0.000000000000000000e+00
0.000000000000000000e+00
0.000000000000000000e+00
0.000000000000000000e+00
0.000000000000000000e+00
0.000000000000000000e+00
0.000000000000000000e+00
0.000000000000000000e+00
0.000000000000000000e+00
0.000000000000000000e+00
4.168350775855548564e-03
1.913652622876974886e-03
6.649471865655690039e-02
2.530219622793251910e-02
7.916055952006652296e-02
3.364503566025291853e-02
5.106097147965488192e-02
5.561027803739281711e-02
6.882070060894611430e-02
3.294882598448998362e-02
4.244907209909873358e-02
6.525265623455252240e-02
4.741312514594345218e-02
4.280395553750247079e-02
3.801397875208575861e-02
4.409816734392122545e-02
2.939411491569025869e-02
7.001775418364930559e-02
3.153449982822180420e-02
3.709295784124874013e-02
2.176650325263689706e-02
3.670248325484604807e-02
1.236574889835524889e-02
3.089030858463609128e-02
4.053967924639540615e-03
2.341296363337688063e-02
9.669998094590562775e-04
2.645453186105659396e-03
0.000000000000000000e+00
0.000000000000000000e+00
0.000000000000000000e+00
0.000000000000000000e+00
0.000000000000000000e+00
0.000000000000000000e+00
0.000000000000000000e+00
0.000000000000000000e+00
0.000000000000000000e+00
0.000000000000000000e+00
0.000000000000000000e+00
0.000000000000000000e+00
0.000000000000000000e+00
0.000000000000000000e+00
0.000000000000000000e+00
0.000000000000000000e+00
0.000000000000000000e+00
0.000000000000000000e+00
0.000000000000000000e+00
0.000000000000000000e+00
0.000000000000000000e+00
0.000000000000000000e+00
0.000000000000000000e+00
0.000000000000000000e+00
0.000000000000000000e+00
0.000000000000000000e+00
0.000000000000000000e+00
0.000000000000000000e+00
0.000000000000000000e+00
0.000000000000000000e+00
0.000000000000000000e+00
0.000000000000000000e+00
0.000000000000000000e+00
0.000000000000000000e+00
0.000000000000000000e+00

100 1
0.000000000000000000e+00
0.000000000000000000e+00
0.000000000000000000e+00
0.000000000000000000e+00
0.000000000000000000e+00
0.000000000000000000e+00
0.000000000000000000e+00
0.000000000000000000e+00
0.000000000000000000e+00
0.000000000000000000e+00
0.000000000000000000e+00
0.000000000000000000e+00
0.000000000000000000e+00
0.000000000000000000e+00
0.000000000000000000e+00
0.000000000000000000e+00
0.000000000000000000e+00
0.000000000000000000e+00
0.000000000000000000e+00
0.000000000000000000e+00
0.000000000000000000e+00
0.000000000000000000e+00
0.000000000000000000e+00
0.000000000000000000e+00
0.000000000000000000e+00
0.000000000000000000e+00
0.000000000000000000e+00
0.000000000000000000e+00
0.000000000000000000e+00
0.000000000000000000e+00
0.000000000000000000e+00
0.000000000000000000e+00
0.000000000000000000e+00
0.000000000000000000e+00
0.000000000000000000e+00
2.573570605560238523e-03
8.461822034901937814e-04
4.655948025456057432e-02
1.217026690551354512e-02
6.808083904086253968e-02
2.481234384367260806e-02
4.359409785898867018e-02
2.658222221969783888e-02
5.266537846245041010e-02
4.410878991407732319e-02
6.093055265357197325e-02
5.059919455862069149e-02
4.285077955553407564e-02
3.422619318323577575e-02
4.711292045533358591e-02
5.995155463753728403e-02
3.763884335882358018e-02
3.634728906720632174e-02
3.926400303614807630e-02
3.770084485668741270e-02
2.712025866620189352e-02
5.593595219038666883e-02
1.858845318345835745e-02
3.415652144216246855e-02
1.318233544631604304e-02
2.940008943338429451e-02
3.838752946636399439e-03
2.567035830753453332e-02
3.352266161165933043e-03
1.798250136346594627e-02
5.223137774181220092e-04
1.634850410290925342e-03
0.000000000000000000e+00
0.000000000000000000e+00
0.000000000000000000e+00
0.000000000000000000e+00
0.000000000000000000e+00
0.000000000000000000e+00
0.000000000000000000e+00
0.000000000000000000e+00
0.000000000000000000e+00
0.000000000000000000e+00
0.000000000000000000e+00
0.000000000000000000e+00
0.000000000000000000e+00
0.000000000000000000e+00
0.000000000000000000e+00
0.000000000000000000e+00
0.000000000000000000e+00
0.000000000000000000e+00
0.000000000000000000e+00
0.000000000000000000e+00
0.000000000000000000e+00
0.000000000000000000e+00
0.000000000000000000e+00
0.000000000000000000e+00
0.000000000000000000e+00
0.000000000000000000e+00
0.000000000000000000e+00
0.000000000000000000e+00
0.000000000000000000e+00
0.000000000000000000e+00
0.000000000000000000e+00
0.000000000000000000e+00
0.000000000000000000e+00

100 1
0.000000000000000000e+00
0.000000000000000000e+00
0.000000000000000000e+00
0.000000000000000000e+00
0.000000000000000000e+00
0.000000000000000000e+00
0.000000000000000000e+00
0.000000000000000000e+00
0.000000000000000000e+00
0.000000000000000000e+00
0.000000000000000000e+00
0.000000000000000000e+00
0.000000000000000000e+00
0.000000000000000000e+00
0.000000000000000000e+00
0.000000000000000000e+00
0.000000000000000000e+00
0.000000000000000000e+00
0.000000000000000000e+00
0.000000000000000000e+00
0.000000000000000000e+00
0.000000000000000000e+00
0.000000000000000000e+00
0.000000000000000000e+00
0.000000000000000000e+00
0.000000000000000000e+00
0.000000000000000000e+00
0.000000000000000000e+00
0.000000000000000000e+00
0.000000000000000000e+00
0.000000000000000000e+00
0.000000000000000000e+00
0.000000000000000000e+00
1.283753091212924691e-03
4.514934207294259302e-04
2.696703374567852723e-02
7.324726592197548097e-03
5.700892128830623712e-02
1.905661325970657918e-02
2.436606389954689214e-02
2.506275547774300741e-02
3.749915890772623911e-02
3.196161218320862224e-02
6.534436690264605607e-02
4.750503082637007324e-02
5.105705967140515555e-02
3.967501649766531913e-02
4.909816368948573262e-02
3.940630010973988906e-02
4.811460266948588971e-02
3.465207896417690087e-02
2.828829050931669711e-02
5.138968547959836541e-02
2.770226364703918739e-02
4.182334949597809465e-02
3.458186192390392405e-02
3.953316997187537873e-02
2.850767644016865068e-02
2.990990163613860275e-02
1.611105060792191249e-02
2.702614519381350486e-02
8.665703423445398831e-03
1.878094704369057469e-02
8.250360407480105199e-03
1.890014021355290730e-02
2.349777300995077329e-03
1.129063925975918106e-02
3.109842078957050348e-04
7.433020403891755579e-04
0.000000000000000000e+00
0.000000000000000000e+00
0.000000000000000000e+00
0.000000000000000000e+00
0.000000000000000000e+00
0.000000000000000000e+00
0.000000000000000000e+00
0.000000000000000000e+00
0.000000000000000000e+00
0.000000000000000000e+00
0.000000000000000000e+00
0.000000000000000000e+00
0.000000000000000000e+00
0.000000000000000000e+00
0.000000000000000000e+00
0.000000000000000000e+00
0.000000000000000000e+00
0.000000000000000000e+00
0.000000000000000000e+00
0.000000000000000000e+00
0.000000000000000000e+00
0.000000000000000000e+00
0.000000000000000000e+00
0.000000000000000000e+00
0.000000000000000000e+00
0.000000000000000000e+00
0.000000000000000000e+00
0.000000000000000000e+00
0.000000000000000000e+00
0.000000000000000000e+00
0.000000000000000000e+00

100 1
0.000000000000000000e+00
0.000000000000000000e+00
0.000000000000000000e+00
0.000000000000000000e+00
0.000000000000000000e+00
0.000000000000000000e+00
0.000000000000000000e+00
0.000000000000000000e+00
0.000000000000000000e+00
0.000000000000000000e+00
0.000000000000000000e+00
0.000000000000000000e+00
0.000000000000000000e+00
0.000000000000000000e+00
0.000000000000000000e+00
0.000000000000000000e+00
0.000000000000000000e+00
0.000000000000000000e+00
0.000000000000000000e+00
0.000000000000000000e+00
0.000000000000000000e+00
0.000000000000000000e+00
0.000000000000000000e+00
0.000000000000000000e+00
0.000000000000000000e+00
0.000000000000000000e+00
0.000000000000000000e+00
0.000000000000000000e+00
0.000000000000000000e+00
0.000000000000000000e+00
0.000000000000000000e+00
4.826971932263339439e-04
5.207427187698696145e-04
1.375417340500439782e-02
7.736948389857497416e-03
4.651286272050714210e-02
9.980119769242866423e-03
2.786875157817854387e-02
1.518599912886527473e-02
2.966908372221334703e-02
1.952502669139046312e-02
5.442861678600308117e-02
3.906164474074074605e-02
5.081074361165278247e-02
2.913011472516651573e-02
5.708800914211366317e-02
3.902928444422613941e-02
4.676698447271509379e-02
4.121576871783586699e-02
3.582083333370229133e-02
3.478481328553369167e-02
3.153084240099701674e-02
3.453234329721360102e-02
4.125095217620419752e-02
4.307349274237060044e-02
2.364146080796105179e-02
3.760700724148827861e-02
1.922285486185589670e-02
4.803789462920500519e-02
1.092360179951159041e-02
2.551299142981123050e-02
1.044415656289847047e-02
2.312159737131028875e-02
6.547511417754155703e-03
1.617200979853309142e-02
3.674129679059794443e-03
1.645962139029566104e-02
2.836996400391528575e-03
5.484414912892146381e-03
2.639505479900359358e-04
2.889519553035545425e-04
0.000000000000000000e+00
0.000000000000000000e+00
0.000000000000000000e+00
0.000000000000000000e+00
0.000000000000000000e+00
0.000000000000000000e+00
0.000000000000000000e+00
0.000000000000000000e+00
0.000000000000000000e+00
0.000000000000000000e+00
0.000000000000000000e+00
0.000000000000000000e+00
0.000000000000000000e+00
0.000000000000000000e+00
0.000000000000000000e+00
0.000000000000000000e+00
0.000000000000000000e+00
0.000000000000000000e+00
0.000000000000000000e+00
0.000000000000000000e+00
0.000000000000000000e+00
0.000000000000000000e+00
0.000000000000000000e+00
0.000000000000000000e+00
0.000000000000000000e+00
0.000000000000000000e+00
0.000000000000000000e+00
0.000000000000000000e+00
0.000000000000000000e+00

100 1
0.000000000000000000e+00
0.000000000000000000e+00
0.000000000000000000e+00
0.000000000000000000e+00
0.000000000000000000e+00
0.000000000000000000e+00
0.000000000000000000e+00
0.000000000000000000e+00
0.000000000000000000e+00
0.000000000000000000e+00
0.000000000000000000e+00
0.000000000000000000e+00
0.000000000000000000e+00
0.000000000000000000e+00
0.000000000000000000e+00
0.000000000000000000e+00
0.000000000000000000e+00
0.000000000000000000e+00
0.000000000000000000e+00
0.000000000000000000e+00
0.000000000000000000e+00
0.000000000000000000e+00
0.000000000000000000e+00
0.000000000000000000e+00
0.000000000000000000e+00
0.000000000000000000e+00
0.000000000000000000e+00
0.000000000000000000e+00
0.000000000000000000e+00
2.774855602434118333e-04
6.283325733140057267e-05
7.924720185129836489e-03
1.730483881385874983e-03
3.600289850433324029e-02
8.100179151168770963e-03
2.434213006453479766e-02
1.055149666776409104e-02
2.729736216790787373e-02
1.893275928729575008e-02
4.194213172562807207e-02
2.063203840525270477e-02
4.408006742709259795e-02
3.462370149377324430e-02
5.869241130423894642e-02
2.805227425752995080e-02
3.523414748748640579e-02
5.323790008071568880e-02
4.523259898132524909e-02
2.878135644852152300e-02
3.661923281958101573e-02
3.576003924247551230e-02
3.091956594163535257e-02
3.494905082261758056e-02
2.600158819212861072e-02
3.818911498954043887e-02
2.938938423351030588e-02
3.677814109383338581e-02
2.189692905118119370e-02
3.433551211199904057e-02
1.371846846464605703e-02
3.720499056363680418e-02
1.495155156766378793e-02
2.155119173603828320e-02
7.259711888548851973e-03
1.619623315818474393e-02
4.043875338054378488e-03
1.344305063868711687e-02
3.763620069457001421e-03
1.238401655135521959e-02
1.079173285343317879e-03
3.608581186607197604e-03
4.654368740551607892e-05
1.794570272018658952e-04
0.000000000000000000e+00
0.000000000000000000e+00
0.000000000000000000e+00
0.000000000000000000e+00
0.000000000000000000e+00
0.000000000000000000e+00
0.000000000000000000e+00
0.000000000000000000e+00
0.000000000000000000e+00
0.000000000000000000e+00
0.000000000000000000e+00
0.000000000000000000e+00
0.000000000000000000e+00
0.000000000000000000e+00
0.000000000000000000e+00
0.000000000000000000e+00
0.000000000000000000e+00
0.000000000000000000e+00
0.000000000000000000e+00
0.000000000000000000e+00
0.000000000000000000e+00
0.000000000000000000e+00
0.000000000000000000e+00
0.000000000000000000e+00
0.000000000000000000e+00
0.000000000000000000e+00
0.000000000000000000e+00

100 1
0.000000000000000000e+00
0.000000000000000000e+00
0.000000000000000000e+00
0.000000000000000000e+00
0.000000000000000000e+00
0.000000000000000000e+00
0.000000000000000000e+00
0.000000000000000000e+00
0.000000000000000000e+00
0.000000000000000000e+00
0.000000000000000000e+00
0.000000000000000000e+00
0.000000000000000000e+00
0.000000000000000000e+00
0.000000000000000000e+00
0.000000000000000000e+00
0.000000000000000000e+00
0.000000000000000000e+00
0.000000000000000000e+00
0.000000000000000000e+00
0.000000000000000000e+00
0.000000000000000000e+00
0.000000000000000000e+00
0.000000000000000000e+00
0.000000000000000000e+00
0.000000000000000000e+00
0.000000000000000000e+00
1.622493770771254898e-04
8.561096557561164258e-05
4.715357845605836970e-03
2.397145524404661887e-03
2.183232623876212378e-02
1.100767918420801975e-02
1.862964915396387797e-02
1.018373429813036919e-02
2.050052942539569434e-02
1.110883135793040363e-02
3.260788835500819799e-02
1.948200116217225011e-02
4.164522340644749576e-02
2.287916332436268699e-02
5.804874619295331134e-02
3.080547665005563263e-02
3.058306718070899141e-02
3.587024034427739594e-02
3.612195813284594520e-02
4.180552206403678056e-02
4.146526807975647183e-02
3.665236790684969770e-02
4.158554022254949689e-02
2.830693370105460960e-02
2.380930290857078205e-02
2.803231835627792087e-02
2.900428080956321542e-02
3.443191696135789598e-02
2.182832639263797281e-02
4.536564743650603471e-02
2.178062782792197435e-02
2.899940383515735992e-02
1.564371394467263185e-02
3.142567321059747815e-02
1.758097086389018293e-02
2.970862685509402523e-02
1.284194697542071113e-02
1.124717369579941902e-02
7.325470664337156192e-03
1.379444609186996143e-02
5.357370814563622470e-03
7.955735976041903787e-03
4.464683577323681589e-03
7.467019882908782630e-03
1.147031839311145720e-03
2.149576932923756740e-03
5.968114264914325723e-05
9.654291046187254554e-05
0.000000000000000000e+00
0.000000000000000000e+00
0.000000000000000000e+00
0.000000000000000000e+00
0.000000000000000000e+00
0.000000000000000000e+00
0.000000000000000000e+00
0.000000000000000000e+00
0.000000000000000000e+00
0.000000000000000000e+00
0.000000000000000000e+00
0.000000000000000000e+00
0.000000000000000000e+00
0.000000000000000000e+00
0.000000000000000000e+00
0.000000000000000000e+00
0.000000000000000000e+00
0.000000000000000000e+00
0.000000000000000000e+00
0.000000000000000000e+00
0.000000000000000000e+00
0.000000000000000000e+00
0.000000000000000000e+00
0.000000000000000000e+00
0.000000000000000000e+00

100 1
0.000000000000000000e+00
0.000000000000000000e+00
0.000000000000000000e+00
0.000000000000000000e+00
0.000000000000000000e+00
0.000000000000000000e+00
0.000000000000000000e+00
0.000000000000000000e+00
0.000000000000000000e+00
0.000000000000000000e+00
0.000000000000000000e+00
0.000000000000000000e+00
0.000000000000000000e+00
0.000000000000000000e+00
0.000000000000000000e+00
0.000000000000000000e+00
0.000000000000000000e+00
0.000000000000000000e+00
0.000000000000000000e+00
0.000000000000000000e+00
0.000000000000000000e+00
0.000000000000000000e+00
0.000000000000000000e+00
0.000000000000000000e+00
0.000000000000000000e+00
9.241330762528902291e-05
3.475334303559427846e-05
2.642265541205285860e-03
8.842567845496417632e-04
1.732111868603596408e-02
4.033231398047670314e-03
1.976858667046176715e-02
6.045768959242348722e-03
1.767546500112723504e-02
1.036345552481740193e-02
2.264531930771872259e-02
1.690189108398386722e-02
3.759123249521882648e-02
1.493202750139666773e-02
4.945348742144182325e-02
2.446288156351605902e-02
3.143169603687076541e-02
2.846240100090839664e-02
4.638795684058948793e-02
2.582808460581079157e-02
2.874140871966241947e-02
3.734104308215039497e-02
4.688998863412049273e-02
5.077889645041950423e-02
2.587314853041923143e-02
2.243660250055269645e-02
3.390553324548727793e-02
2.827957960269267615e-02
1.769846578883232588e-02
2.704333971930004271e-02
2.996640505300639246e-02
3.664183056717561227e-02
2.130775766555170411e-02
3.544493659214540543e-02
1.884022300837835673e-02
2.507034034893613691e-02
1.914618885748272520e-02
3.138716813717198906e-02
1.355304755545080550e-02
1.872897019142312144e-02
6.349372691111948748e-03
1.395522620971696021e-02
6.056632178867298738e-03
8.010887254176557795e-03
2.231674809804583097e-03
8.284331292607529165e-03
1.603841069437004488e-03
5.793499090668210484e-03
3.658853500230024825e-04
1.236406143503138632e-03
1.491797492985600742e-05
6.415861118157940434e-05
0.000000000000000000e+00
0.000000000000000000e+00
0.000000000000000000e+00
0.000000000000000000e+00
0.000000000000000000e+00
0.000000000000000000e+00
0.000000000000000000e+00
0.000000000000000000e+00
0.000000000000000000e+00
0.000000000000000000e+00
0.000000000000000000e+00
0.000000000000000000e+00
0.000000000000000000e+00
0.000000000000000000e+00
0.000000000000000000e+00
0.000000000000000000e+00
0.000000000000000000e+00
0.000000000000000000e+00
0.000000000000000000e+00
0.000000000000000000e+00
0.000000000000000000e+00
0.000000000000000000e+00
0.000000000000000000e+00

100 1
0.000000000000000000e+00
0.000000000000000000e+00
0.000000000000000000e+00
0.000000000000000000e+00
0.000000000000000000e+00
0.000000000000000000e+00
0.000000000000000000e+00
0.000000000000000000e+00
0.000000000000000000e+00
0.000000000000000000e+00
0.000000000000000000e+00
0.000000000000000000e+00
0.000000000000000000e+00
0.000000000000000000e+00
0.000000000000000000e+00
0.000000000000000000e+00
0.000000000000000000e+00
0.000000000000000000e+00
0.000000000000000000e+00
0.000000000000000000e+00
0.000000000000000000e+00
0.000000000000000000e+00
0.000000000000000000e+00
3.475176391014642282e-05
3.779978499111050693e-05
1.461871265375521041e-03
6.227216155059299863e-04
1.155363160177429703e-02
2.537248815625377327e-03
1.821066688751603671e-02
3.405996086440956500e-03
1.177687331344966747e-02
8.115331497500799171e-03
2.245524880113566879e-02
1.165745948865871962e-02
3.137209075352007798e-02
1.424531446283247918e-02
3.147084092591670434e-02
2.790487231293960549e-02
3.247228285075352133e-02
2.541382362956071811e-02
4.071374252311994735e-02
2.513824076524491177e-02
2.411690840577849701e-02
3.375854135208618267e-02
3.758560846604164923e-02
3.240946688696123151e-02
2.797957222896890056e-02
4.112207505267789776e-02
3.358396968336876953e-02
5.165125543733285057e-02
2.034527885233542235e-02
2.206984797991037861e-02
2.463452486011118506e-02
2.640159512917812645e-02
2.755791541550358173e-02
2.561500570063165658e-02
2.253139245060120990e-02
3.181910674915280901e-02
2.284241802303785956e-02
3.107698552705849895e-02
1.798716458387497608e-02
2.395665836925096187e-02
1.166798372512311936e-02
2.592678289784167145e-02
6.980259148185116030e-03
1.439137200303636753e-02
4.532218020511784295e-03
1.239316226940944364e-02
3.045574054856584664e-03
6.858114492986400190e-03
1.991612704319595945e-03
6.872880129910486496e-03
7.020004583389271831e-04
3.946065959205715193e-03
3.396015432764160178e-04
6.535491223473116574e-04
2.961135785747433407e-05
2.311181314862831908e-05
0.000000000000000000e+00
0.000000000000000000e+00
0.000000000000000000e+00
0.000000000000000000e+00
0.000000000000000000e+00
0.000000000000000000e+00
0.000000000000000000e+00
0.000000000000000000e+00
0.000000000000000000e+00
0.000000000000000000e+00
0.000000000000000000e+00
0.000000000000000000e+00
0.000000000000000000e+00
0.000000000000000000e+00
0.000000000000000000e+00
0.000000000000000000e+00
0.000000000000000000e+00
0.000000000000000000e+00
0.000000000000000000e+00
0.000000000000000000e+00
0.000000000000000000e+00

100 1
0.000000000000000000e+00
0.000000000000000000e+00
0.000000000000000000e+00
0.000000000000000000e+00
0.000000000000000000e+00
0.000000000000000000e+00
0.000000000000000000e+00
0.000000000000000000e+00
0.000000000000000000e+00
0.000000000000000000e+00
0.000000000000000000e+00
0.000000000000000000e+00
0.000000000000000000e+00
0.000000000000000000e+00
0.000000000000000000e+00
0.000000000000000000e+00
0.000000000000000000e+00
0.000000000000000000e+00
0.000000000000000000e+00
0.000000000000000000e+00
0.000000000000000000e+00
1.613632810412123357e-05
1.228970139713378222e-05
9.292456764756662664e-04
2.423682913449937246e-04
8.786772213368140849e-03
1.383753596885651518e-03
1.611606350351474717e-02
3.927949150179491263e-03
9.386983412263972745e-03
3.815369276385141648e-03
1.580233627382408162e-02
1.011034557246546367e-02
2.519505399923947786e-02
1.137389802844188634e-02
2.959890811422684342e-02
1.396775732490323878e-02
3.991601878913225709e-02
2.445396411510038573e-02
2.902144514465031591e-02
1.976013955992085916e-02
3.544809016017517328e-02
2.060995461349836647e-02
3.671956806259111389e-02
2.940217655834746757e-02
4.010358361611116029e-02
2.394825729892911814e-02
4.259594262659496811e-02
2.071689319091913131e-02
2.925285179001178848e-02
3.436307243423185331e-02
2.868172789510970919e-02
4.316109383278734363e-02
2.367455703233364503e-02
2.148070924840972395e-02
2.176412730079311381e-02
2.986873127056495492e-02
1.455671668934461170e-02
3.408507267892314091e-02
1.725007357124621471e-02
3.680302520122400584e-02
1.538292844261328340e-02
2.229874116333384684e-02
1.005242311474347124e-02
2.368898438669464479e-02
9.226580058979744550e-03
2.008440984317837533e-02
7.113777413092221835e-03
1.269168068865378363e-02
2.620386937217804389e-03
9.370147430326351487e-03
2.576656877584343388e-03
6.007642769588764781e-03
6.063001705020470977e-04
6.474486705996602975e-03
3.479560780485380241e-04
2.623576342259068602e-03
1.460939010648323660e-04
3.644857278677023126e-04
1.005190899517073217e-05
9.666895278055526142e-06
0.000000000000000000e+00
0.000000000000000000e+00
0.000000000000000000e+00
0.000000000000000000e+00
0.000000000000000000e+00
0.000000000000000000e+00
0.000000000000000000e+00
0.000000000000000000e+00
0.000000000000000000e+00
0.000000000000000000e+00
0.000000000000000000e+00
0.000000000000000000e+00
0.000000000000000000e+00
0.000000000000000000e+00
0.000000000000000000e+00
0.000000000000000000e+00
0.000000000000000000e+00
0.000000000000000000e+00
0.000000000000000000e+00

100 1
0.000000000000000000e+00
0.000000000000000000e+00
0.000000000000000000e+00
0.000000000000000000e+00
0.000000000000000000e+00
0.000000000000000000e+00
0.000000000000000000e+00
0.000000000000000000e+00
0.000000000000000000e+00
0.000000000000000000e+00
0.000000000000000000e+00
0.000000000000000000e+00
0.000000000000000000e+00
0.000000000000000000e+00
0.000000000000000000e+00
0.000000000000000000e+00
0.000000000000000000e+00
0.000000000000000000e+00
0.000000000000000000e+00
9.423592098670970161e-06
2.139785968630096967e-06
5.442304354016825208e-04
1.560015958756545500e-04
5.033389791461407789e-03
1.621960108923811792e-03
1.060986474856038912e-02
3.660386941837749999e-03
7.930853175720503981e-03
6.773652726960238332e-03
1.210739099996265868e-02
5.215342074899697103e-03
1.902051481812466402e-02
8.150454760494425799e-03
2.205655401877159791e-02
1.684994208691280304e-02
3.224086184542648836e-02
1.867186566039663945e-02
2.036934469319169258e-02
2.177013172108903730e-02
3.118572056448926794e-02
3.080204422667614378e-02
3.433833551028926678e-02
2.552088993715596540e-02
3.842216439366209074e-02
2.229412908358621714e-02
3.300940172459788241e-02
3.066147082834852142e-02
3.187035888014324442e-02
3.381234602104207093e-02
2.402570697693159549e-02
2.145890204155284295e-02
3.476877296873126522e-02
4.220215203426738032e-02
2.118666694202049616e-02
2.669034542106585653e-02
1.849947325169424076e-02
2.032492618397215012e-02
2.622118741367164899e-02
2.708683334240394661e-02
2.026616409225468970e-02
2.685052568644186524e-02
1.956434464635364509e-02
2.009939078924490030e-02
1.517121535935140458e-02
1.939477882518602855e-02
1.146255752725521861e-02
1.832152787983461900e-02
1.021185764394754239e-02
1.420336949728987636e-02
4.169158036761175766e-03
7.990602656275495180e-03
3.927484028279627955e-03
7.053349702406667976e-03
1.507281876120821580e-03
4.028117787661565641e-03
1.462042010873262346e-03
4.685251508257170378e-03
4.720809527906501897e-04
1.687532237388772536e-03
5.030238309690931889e-05
2.378417333147134791e-04
1.092314938798644798e-06
5.997496282439031182e-06
0.000000000000000000e+00
0.000000000000000000e+00
0.000000000000000000e+00
0.000000000000000000e+00
0.000000000000000000e+00
0.000000000000000000e+00
0.000000000000000000e+00
0.000000000000000000e+00
0.000000000000000000e+00
0.000000000000000000e+00
0.000000000000000000e+00
0.000000000000000000e+00
0.000000000000000000e+00
0.000000000000000000e+00
0.000000000000000000e+00
0.000000000000000000e+00
0.000000000000000000e+00

100 1
0.000000000000000000e+00
0.000000000000000000e+00
0.000000000000000000e+00
0.000000000000000000e+00
0.000000000000000000e+00
0.000000000000000000e+00
0.000000000000000000e+00
0.000000000000000000e+00
0.000000000000000000e+00
0.000000000000000000e+00
0.000000000000000000e+00
0.000000000000000000e+00
0.000000000000000000e+00
0.000000000000000000e+00
0.000000000000000000e+00
0.000000000000000000e+00
0.000000000000000000e+00
2.629902096986554511e-06
5.068759607978827228e-06
2.020805326027334445e-04
2.336091624405793718e-04
2.641509485223795823e-03
1.487975001036647218e-03
8.570132537599035871e-03
2.264911920465675563e-03
7.361558138829746127e-03
3.107476672970620277e-03
8.024969676042317465e-03
7.952920662767070867e-03
1.406479639616992072e-02
5.841406408595961261e-03
1.931244748645808210e-02
1.269975928952272494e-02
2.442930957015650856e-02
1.576799460260637845e-02
1.864366656770428607e-02
2.090269727520195631e-02
2.636268654590597990e-02
1.710504302904385446e-02
3.412704084808953348e-02
3.223183557806695576e-02
3.882081295614740052e-02
2.115873490329144360e-02
2.213839929748979279e-02
3.688439478620515743e-02
2.841697644634857273e-02
3.380248959712050388e-02
3.707920550214796607e-02
1.518291635364263197e-02
3.186523150994063913e-02
2.959051876578295756e-02
2.054593377080908556e-02
3.097079318505948156e-02
2.131648981535864962e-02
3.384861501814610818e-02
3.049130158199068324e-02
2.457078732307425850e-02
1.884447269337957698e-02
2.300351551852041279e-02
1.585697680626636102e-02
2.820384409048456997e-02
1.457920151433944427e-02
2.781118985398508409e-02
1.445914758751129861e-02
2.144862825460881403e-02
9.360618835780685348e-03
1.805304280610935813e-02
8.554667490748388281e-03
1.416368846348417011e-02
7.268571706632973202e-03
9.944970435567345238e-03
3.048068465131940474e-03
6.805449641006297394e-03
3.214459703129447701e-03
4.301237141670062256e-03
1.101098491624378584e-03
3.932886657824673227e-03
1.520422944804276921e-03
2.953991210404196665e-03
3.816610693243302293e-04
9.681404929640007127e-04
8.376774371207442739e-05
1.042979608492308763e-04
3.116984207622775856e-06
1.738574156007990510e-06
0.000000000000000000e+00
0.000000000000000000e+00
0.000000000000000000e+00
0.000000000000000000e+00
0.000000000000000000e+00
0.000000000000000000e+00
0.000000000000000000e+00
0.000000000000000000e+00
0.000000000000000000e+00
0.000000000000000000e+00
0.000000000000000000e+00
0.000000000000000000e+00
0.000000000000000000e+00
0.000000000000000000e+00
0.000000000000000000e+00

100 1
0.000000000000000000e+00
0.000000000000000000e+00
0.000000000000000000e+00
0.000000000000000000e+00
0.000000000000000000e+00
0.000000000000000000e+00
0.000000000000000000e+00
0.000000000000000000e+00
0.000000000000000000e+00
0.000000000000000000e+00
0.000000000000000000e+00
0.000000000000000000e+00
0.000000000000000000e+00
0.000000000000000000e+00
0.000000000000000000e+00
1.387505503754082947e-06
4.514568157067309206e-07
1.295855294216320089e-04
4.380506897695320959e-05
1.713247939963022555e-03
7.275521739486441337e-04
5.702593754839035620e-03
2.096280489092136427e-03
7.728547421722503814e-03
1.740805775089622259e-03
6.210057649299815033e-03
4.782415905266247311e-03
1.089200757667933492e-02
5.748340431751343231e-03
1.625275259260065136e-02
8.025510579887458820e-03
2.125133227232253730e-02
1.249694481976511978e-02
2.114812739124575028e-02
8.847103184114402802e-03
2.458304846337540372e-02
1.725751977777111729e-02
3.411440852888907721e-02
2.245542258397766056e-02
2.621095850871976024e-02
2.224866056674317666e-02
3.223425243107378574e-02
3.194884488524313282e-02
2.798398447654721136e-02
2.475907121401894895e-02
3.637303943033738662e-02
3.402239444772267585e-02
2.966941403648786640e-02
3.080006076193389508e-02
2.032691316054676539e-02
2.064155649383282720e-02
2.498279546612913390e-02
2.457635066182165332e-02
2.074750754279337112e-02
3.568936634407369329e-02
2.536873961790335474e-02
3.307373847804787048e-02
1.458585148042021960e-02
2.325040731822298340e-02
1.917091301948522022e-02
2.355727334950585838e-02
1.720960570691978941e-02
2.656264526890766281e-02
1.441154964855988554e-02
1.930174208266128080e-02
1.232979828195395269e-02
1.617313806277206889e-02
8.523864989445729262e-03
1.793592751364403090e-02
6.224883859497856199e-03
1.037630186259400240e-02
4.228140880970312349e-03
8.748542974463166186e-03
2.493946640141005231e-03
6.288912912829047394e-03
1.947419951814342333e-03
2.563114628685210245e-03
1.051430615455029504e-03
4.132566190391739544e-03
4.087444540899484247e-04
1.989819015802875811e-03
1.988607553694561971e-04
6.333124201352678543e-04
2.411955195910165176e-05
6.901238114860579621e-05
3.688560464443931746e-07
8.879297994592978944e-07
0.000000000000000000e+00
0.000000000000000000e+00
0.000000000000000000e+00
0.000000000000000000e+00
0.000000000000000000e+00
0.000000000000000000e+00
0.000000000000000000e+00
0.000000000000000000e+00
0.000000000000000000e+00
0.000000000000000000e+00
0.000000000000000000e+00
0.000000000000000000e+00
0.000000000000000000e+00

100 1
0.000000000000000000e+00
0.000000000000000000e+00
0.000000000000000000e+00
0.000000000000000000e+00
0.000000000000000000e+00
0.000000000000000000e+00
0.000000000000000000e+00
0.000000000000000000e+00
0.000000000000000000e+00
0.000000000000000000e+00
0.000000000000000000e+00
0.000000000000000000e+00
0.000000000000000000e+00
7.650902167269608058e-07
2.350899020016200147e-07
7.814961578537639821e-05
1.661545675738781503e-05
1.137581791203141554e-03
1.930161572054944546e-04
4.295190631790341343e-03
9.091404957194310120e-04
6.014516266930376373e-03
1.888834031279280857e-03
5.527297586966050877e-03
3.059121987258739319e-03
7.742170675836585088e-03
4.877051536061317166e-03
1.313056369752022695e-02
7.054602639319494141e-03
1.532319610906581961e-02
8.862630254686648321e-03
1.743118156571712291e-02
1.479547533759661103e-02
1.623647345191667202e-02
1.551877514888206841e-02
2.570990023346050174e-02
2.326761696588310752e-02
1.715415120622637568e-02
2.157639128650010174e-02
3.297700180906531359e-02
2.849622313118455388e-02
3.584593539683821745e-02
2.312756095112179777e-02
2.474540712269362314e-02
2.970988601462635353e-02
3.328544000637560785e-02
3.110609418362215647e-02
3.071346091171234596e-02
2.275806344800859748e-02
2.839505883890505039e-02
2.436135810960497056e-02
1.766885260448952666e-02
2.325919573180081426e-02
2.972233488344341520e-02
2.171269131737010166e-02
2.620682447378757871e-02
3.036865726132252641e-02
2.487016799206666351e-02
1.907505946675332187e-02
1.958255961980265650e-02
2.112022403039312546e-02
2.330852689969288571e-02
2.072212469853952979e-02
1.287389310838429196e-02
1.725173900300143448e-02
1.122185774377865673e-02
1.807683244309714679e-02
8.211025857443704848e-03
1.649884503539185421e-02
8.966457978523778224e-03
1.314030644726767345e-02
4.579694812346091042e-03
7.544901845147072676e-03
4.180745062836731078e-03
6.695778297264818116e-03
2.162183993759340690e-03
3.764218308479309102e-03
1.192452413655235811e-03
2.842401236423575204e-03
4.939476749600023916e-04
3.072514754669089521e-03
3.279413429818623629e-04
1.394922166095036642e-03
7.749861180844442373e-05
4.396804511567849096e-04
8.007182427734581767e-06
4.218073635534917904e-05
1.179976631653372221e-07
5.022821603204447620e-07
0.000000000000000000e+00
0.000000000000000000e+00
0.000000000000000000e+00
0.000000000000000000e+00
0.000000000000000000e+00
0.000000000000000000e+00
0.000000000000000000e+00
0.000000000000000000e+00
0.000000000000000000e+00
0.000000000000000000e+00
0.000000000000000000e+00

100 1
0.000000000000000000e+00
0.000000000000000000e+00
0.000000000000000000e+00
0.000000000000000000e+00
0.000000000000000000e+00
0.000000000000000000e+00
0.000000000000000000e+00
0.000000000000000000e+00
0.000000000000000000e+00
0.000000000000000000e+00
0.000000000000000000e+00
3.125731637622748980e-07
1.969480914251894004e-07
4.149447096950302722e-05
1.723474447270204366e-05
7.386993609716464501e-04
2.173983755139786034e-04
2.910084253523704048e-03
8.933764186684095988e-04
4.276242327113801735e-03
1.879744395069814786e-03
5.418847087972668286e-03
1.665496581005137915e-03
7.442196642602208305e-03
2.839063650509538340e-03
1.085097317340225596e-02
4.933650692485623893e-03
1.384246210525118259e-02
7.408738677452275483e-03
1.378359992250184629e-02
9.347893526486949003e-03
1.294030284644872957e-02
1.038123206792464920e-02
2.393350118970234697e-02
1.981865924569188239e-02
1.707087052423944887e-02
1.336745071337400344e-02
3.141558943817862604e-02
2.445295763996303828e-02
3.130760674958944778e-02
2.534416798163598508e-02
3.173878980089008678e-02
2.209183422168049804e-02
3.250861381462798183e-02
2.380584712369421957e-02
3.626537690098447647e-02
2.051739641165760061e-02
2.288750710175016523e-02
3.702317040779416757e-02
2.173405739053401939e-02
2.319935180996952548e-02
2.807770927010281442e-02
2.834855100873231309e-02
2.022164406686299820e-02
2.422946970483172424e-02
1.663345450281191948e-02
2.626062319814915016e-02
2.905946163813609082e-02
2.868658478521659075e-02
1.620703035107910056e-02
2.256731173598000573e-02
1.497928874117947055e-02
2.018003252905626113e-02
1.257031344789898489e-02
2.179569843986123995e-02
8.595958302284698038e-03
1.791981666898915387e-02
8.441520157900018681e-03
1.538393212772413109e-02
6.093071917016539343e-03
1.604794709825183019e-02
6.547143047234399611e-03
1.036592499279407123e-02
3.683389787319068902e-03
6.962347170014212584e-03
2.897552515227168508e-03
4.475730935902552318e-03
1.225148445913261733e-03
3.240989569769188103e-03
1.036374830610572138e-03
2.204227206238345421e-03
1.052241120521168983e-03
2.066347830979767698e-03
3.364407950548436543e-04
9.288031203095822473e-04
1.011429480098746642e-04
2.367576258749912209e-04
1.150867905187513322e-05
1.622105392508448989e-05
1.531801574303659919e-07
1.461454537234486613e-07
0.000000000000000000e+00
0.000000000000000000e+00
0.000000000000000000e+00
0.000000000000000000e+00
0.000000000000000000e+00
0.000000000000000000e+00
0.000000000000000000e+00
0.000000000000000000e+00
0.000000000000000000e+00

