100 1
0.000000000000000000e+00
0.000000000000000000e+00
0.000000000000000000e+00
0.000000000000000000e+00
0.000000000000000000e+00
0.000000000000000000e+00
0.000000000000000000e+00
0.000000000000000000e+00
0.000000000000000000e+00
0.000000000000000000e+00
0.000000000000000000e+00
0.000000000000000000e+00
0.000000000000000000e+00
0.000000000000000000e+00
0.000000000000000000e+00
0.000000000000000000e+00
0.000000000000000000e+00
0.000000000000000000e+00
0.000000000000000000e+00
0.000000000000000000e+00
0.000000000000000000e+00
0.000000000000000000e+00
0.000000000000000000e+00
0.000000000000000000e+00
0.000000000000000000e+00
0.000000000000000000e+00
0.000000000000000000e+00
0.000000000000000000e+00
0.000000000000000000e+00
0.000000000000000000e+00
0.000000000000000000e+00
0.000000000000000000e+00
0.000000000000000000e+00
0.000000000000000000e+00
0.000000000000000000e+00
0.000000000000000000e+00
0.000000000000000000e+00
0.000000000000000000e+00
0.000000000000000000e+00
0.000000000000000000e+00
0.000000000000000000e+00
0.000000000000000000e+00
0.000000000000000000e+00
0.000000000000000000e+00
0.000000000000000000e+00
0.000000000000000000e+00
0.000000000000000000e+00
0.000000000000000000e+00
0.000000000000000000e+00
0.000000000000000000e+00
0.000000000000000000e+00
1.000000000000000000e+00
0.000000000000000000e+00
0.000000000000000000e+00
0.000000000000000000e+00
0.000000000000000000e+00
0.000000000000000000e+00
0.000000000000000000e+00
0.000000000000000000e+00
0.000000000000000000e+00
0.000000000000000000e+00
0.000000000000000000e+00
0.000000000000000000e+00
0.000000000000000000e+00
0.000000000000000000e+00
0.000000000000000000e+00
0.000000000000000000e+00
0.000000000000000000e+00
0.000000000000000000e+00
0.000000000000000000e+00
0.000000000000000000e+00
0.000000000000000000e+00
0.000000000000000000e+00
0.000000000000000000e+00
0.000000000000000000e+00
0.000000000000000000e+00
0.000000000000000000e+00
0.000000000000000000e+00
0.000000000000000000e+00
0.000000000000000000e+00
0.000000000000000000e+00
0.000000000000000000e+00
0.000000000000000000e+00
0.000000000000000000e+00
0.000000000000000000e+00
0.000000000000000000e+00
0.000000000000000000e+00
0.000000000000000000e+00
0.000000000000000000e+00
0.000000000000000000e+00
0.000000000000000000e+00
0.000000000000000000e+00
0.000000000000000000e+00
0.000000000000000000e+00
0.000000000000000000e+00
0.000000000000000000e+00
0.000000000000000000e+00
0.000000000000000000e+00
0.000000000000000000e+00
0.000000000000000000e+00

100 1
0.000000000000000000e+00
0.000000000000000000e+00
0.000000000000000000e+00
0.000000000000000000e+00
0.000000000000000000e+00
0.000000000000000000e+00
0.000000000000000000e+00
0.000000000000000000e+00
0.000000000000000000e+00
0.000000000000000000e+00
0.000000000000000000e+00
0.000000000000000000e+00
0.000000000000000000e+00
0.000000000000000000e+00
0.000000000000000000e+00
0.000000000000000000e+00
0.000000000000000000e+00
0.000000000000000000e+00
0.000000000000000000e+00
0.000000000000000000e+00
0.000000000000000000e+00
0.000000000000000000e+00
0.000000000000000000e+00
0.000000000000000000e+00
0.000000000000000000e+00
0.000000000000000000e+00
0.000000000000000000e+00
0.000000000000000000e+00
0.000000000000000000e+00
0.000000000000000000e+00
0.000000000000000000e+00
0.000000000000000000e+00
0.000000000000000000e+00
0.000000000000000000e+00
0.000000000000000000e+00
0.000000000000000000e+00
0.000000000000000000e+00
0.000000000000000000e+00
0.000000000000000000e+00
0.000000000000000000e+00
0.000000000000000000e+00
0.000000000000000000e+00
0.000000000000000000e+00
0.000000000000000000e+00
0.000000000000000000e+00
0.000000000000000000e+00
0.000000000000000000e+00
0.000000000000000000e+00
0.000000000000000000e+00
5.624999999999998890e-01
1.874999999999999722e-01
6.250000000000000000e-02
1.874999999999999722e-01
0.000000000000000000e+00
0.000000000000000000e+00
0.000000000000000000e+00
0.000000000000000000e+00
0.000000000000000000e+00
0.000000000000000000e+00
0.000000000000000000e+00
0.000000000000000000e+00
0.000000000000000000e+00
0.000000000000000000e+00
0.000000000000000000e+00
0.000000000000000000e+00
0.000000000000000000e+00
0.000000000000000000e+00
0.000000000000000000e+00
0.000000000000000000e+00
0.000000000000000000e+00
0.000000000000000000e+00
0.000000000000000000e+00
0.000000000000000000e+00
0.000000000000000000e+00
0.000000000000000000e+00
0.000000000000000000e+00
0.000000000000000000e+00
0.000000000000000000e+00
0.000000000000000000e+00
0.000000000000000000e+00
0.000000000000000000e+00
0.000000000000000000e+00
0.000000000000000000e+00
0.000000000000000000e+00
0.000000000000000000e+00
0.000000000000000000e+00
0.000000000000000000e+00
0.000000000000000000e+00
0.000000000000000000e+00
0.000000000000000000e+00
0.000000000000000000e+00
0.000000000000000000e+00
0.000000000000000000e+00
0.000000000000000000e+00
0.000000000000000000e+00
0.000000000000000000e+00
0.000000000000000000e+00
0.000000000000000000e+00
0.000000000000000000e+00
0.000000000000000000e+00

100 1
0.000000000000000000e+00
0.000000000000000000e+00
0.000000000000000000e+00
0.000000000000000000e+00
0.000000000000000000e+00
0.000000000000000000e+00
0.000000000000000000e+00
0.000000000000000000e+00
0.000000000000000000e+00
0.000000000000000000e+00
0.000000000000000000e+00
0.000000000000000000e+00
0.000000000000000000e+00
0.000000000000000000e+00
0.000000000000000000e+00
0.000000000000000000e+00
0.000000000000000000e+00
0.000000000000000000e+00
0.000000000000000000e+00
0.000000000000000000e+00
0.000000000000000000e+00
0.000000000000000000e+00
0.000000000000000000e+00
0.000000000000000000e+00
0.000000000000000000e+00
0.000000000000000000e+00
0.000000000000000000e+00
0.000000000000000000e+00
0.000000000000000000e+00
0.000000000000000000e+00
0.000000000000000000e+00
0.000000000000000000e+00
0.000000000000000000e+00
0.000000000000000000e+00
0.000000000000000000e+00
0.000000000000000000e+00
0.000000000000000000e+00
0.000000000000000000e+00
0.000000000000000000e+00
0.000000000000000000e+00
0.000000000000000000e+00
0.000000000000000000e+00
0.000000000000000000e+00
0.000000000000000000e+00
0.000000000000000000e+00
0.000000000000000000e+00
0.000000000000000000e+00
3.164062499999998335e-01
1.054687499999999584e-01
3.164062499999999445e-01
1.171874999999998265e-02
9.765624999999998612e-02
1.171874999999998265e-02
3.515624999999999306e-02
1.054687499999999584e-01
0.000000000000000000e+00
0.000000000000000000e+00
0.000000000000000000e+00
0.000000000000000000e+00
0.000000000000000000e+00
0.000000000000000000e+00
0.000000000000000000e+00
0.000000000000000000e+00
0.000000000000000000e+00
0.000000000000000000e+00
0.000000000000000000e+00
0.000000000000000000e+00
0.000000000000000000e+00
0.000000000000000000e+00
0.000000000000000000e+00
0.000000000000000000e+00
0.000000000000000000e+00
0.000000000000000000e+00
0.000000000000000000e+00
0.000000000000000000e+00
0.000000000000000000e+00
0.000000000000000000e+00
0.000000000000000000e+00
0.000000000000000000e+00
0.000000000000000000e+00
0.000000000000000000e+00
0.000000000000000000e+00
0.000000000000000000e+00
0.000000000000000000e+00
0.000000000000000000e+00
0.000000000000000000e+00
0.000000000000000000e+00
0.000000000000000000e+00
0.000000000000000000e+00
0.000000000000000000e+00
0.000000000000000000e+00
0.000000000000000000e+00
0.000000000000000000e+00
0.000000000000000000e+00
0.000000000000000000e+00
0.000000000000000000e+00
0.000000000000000000e+00
0.000000000000000000e+00
0.000000000000000000e+00
0.000000000000000000e+00

100 1
0.000000000000000000e+00
0.000000000000000000e+00
0.000000000000000000e+00
0.000000000000000000e+00
0.000000000000000000e+00
0.000000000000000000e+00
0.000000000000000000e+00
0.000000000000000000e+00
0.000000000000000000e+00
0.000000000000000000e+00
0.000000000000000000e+00
0.000000000000000000e+00
0.000000000000000000e+00
0.000000000000000000e+00
0.000000000000000000e+00
0.000000000000000000e+00
0.000000000000000000e+00
0.000000000000000000e+00
0.000000000000000000e+00
0.000000000000000000e+00
0.000000000000000000e+00
0.000000000000000000e+00
0.000000000000000000e+00
0.000000000000000000e+00
0.000000000000000000e+00
0.000000000000000000e+00
0.000000000000000000e+00
0.000000000000000000e+00
0.000000000000000000e+00
0.000000000000000000e+00
0.000000000000000000e+00
0.000000000000000000e+00
0.000000000000000000e+00
0.000000000000000000e+00
0.000000000000000000e+00
0.000000000000000000e+00
0.000000000000000000e+00
0.000000000000000000e+00
0.000000000000000000e+00
0.000000000000000000e+00
0.000000000000000000e+00
0.000000000000000000e+00
0.000000000000000000e+00
0.000000000000000000e+00
0.000000000000000000e+00
1.779785156249998890e-01
5.932617187499993755e-02
4.943847656249998335e-01
6.591796875000000867e-03
7.910156249999994449e-02
2.636718750000000000e-02
2.441406249999996531e-02
2.636718749999999653e-02
1.977539062499998612e-02
6.591796875000000867e-03
1.977539062499998959e-02
5.932617187499993755e-02
0.000000000000000000e+00
0.000000000000000000e+00
0.000000000000000000e+00
0.000000000000000000e+00
0.000000000000000000e+00
0.000000000000000000e+00
0.000000000000000000e+00
0.000000000000000000e+00
0.000000000000000000e+00
0.000000000000000000e+00
0.000000000000000000e+00
0.000000000000000000e+00
0.000000000000000000e+00
0.000000000000000000e+00
0.000000000000000000e+00
0.000000000000000000e+00
0.000000000000000000e+00
0.000000000000000000e+00
0.000000000000000000e+00
0.000000000000000000e+00
0.000000000000000000e+00
0.000000000000000000e+00
0.000000000000000000e+00
0.000000000000000000e+00
0.000000000000000000e+00
0.000000000000000000e+00
0.000000000000000000e+00
0.000000000000000000e+00
0.000000000000000000e+00
0.000000000000000000e+00
0.000000000000000000e+00
0.000000000000000000e+00
0.000000000000000000e+00
0.000000000000000000e+00
0.000000000000000000e+00
0.000000000000000000e+00
0.000000000000000000e+00
0.000000000000000000e+00
0.000000000000000000e+00
0.000000000000000000e+00
0.000000000000000000e+00
0.000000000000000000e+00
0.000000000000000000e+00

100 1
0.000000000000000000e+00
0.000000000000000000e+00
0.000000000000000000e+00
0.000000000000000000e+00
0.000000000000000000e+00
0.000000000000000000e+00
0.000000000000000000e+00
0.000000000000000000e+00
0.000000000000000000e+00
0.000000000000000000e+00
0.000000000000000000e+00
0.000000000000000000e+00
0.000000000000000000e+00
0.000000000000000000e+00
0.000000000000000000e+00
0.000000000000000000e+00
0.000000000000000000e+00
0.000000000000000000e+00
0.000000000000000000e+00
0.000000000000000000e+00
0.000000000000000000e+00
0.000000000000000000e+00
0.000000000000000000e+00
0.000000000000000000e+00
0.000000000000000000e+00
0.000000000000000000e+00
0.000000000000000000e+00
0.000000000000000000e+00
0.000000000000000000e+00
0.000000000000000000e+00
0.000000000000000000e+00
0.000000000000000000e+00
0.000000000000000000e+00
0.000000000000000000e+00
0.000000000000000000e+00
0.000000000000000000e+00
0.000000000000000000e+00
0.000000000000000000e+00
0.000000000000000000e+00
0.000000000000000000e+00
0.000000000000000000e+00
0.000000000000000000e+00
0.000000000000000000e+00
1.001129150390623612e-01
3.337097167968747224e-02
5.450592041015620559e-01
3.337097167968749306e-02
1.112365722656242367e-02
4.985046386718747224e-02
3.433227539062515179e-03
4.399108886718741673e-02
5.508422851562503469e-03
4.399108886718747224e-02
1.235961914062502602e-03
4.985046386718747224e-02
1.235961914062489375e-03
3.337097167968749306e-02
1.112365722656247918e-02
3.337097167968747224e-02
0.000000000000000000e+00
0.000000000000000000e+00
0.000000000000000000e+00
0.000000000000000000e+00
0.000000000000000000e+00
0.000000000000000000e+00
0.000000000000000000e+00
0.000000000000000000e+00
0.000000000000000000e+00
0.000000000000000000e+00
0.000000000000000000e+00
0.000000000000000000e+00
0.000000000000000000e+00
0.000000000000000000e+00
0.000000000000000000e+00
0.000000000000000000e+00
0.000000000000000000e+00
0.000000000000000000e+00
0.000000000000000000e+00
0.000000000000000000e+00
0.000000000000000000e+00
0.000000000000000000e+00
0.000000000000000000e+00
0.000000000000000000e+00
0.000000000000000000e+00
0.000000000000000000e+00
0.000000000000000000e+00
0.000000000000000000e+00
0.000000000000000000e+00
0.000000000000000000e+00
0.000000000000000000e+00
0.000000000000000000e+00
0.000000000000000000e+00
0.000000000000000000e+00
0.000000000000000000e+00
0.000000000000000000e+00
0.000000000000000000e+00
0.000000000000000000e+00
0.000000000000000000e+00
0.000000000000000000e+00
0.000000000000000000e+00

100 1
0.000000000000000000e+00
0.000000000000000000e+00
0.000000000000000000e+00
0.000000000000000000e+00
0.000000000000000000e+00
0.000000000000000000e+00
0.000000000000000000e+00
0.000000000000000000e+00
0.000000000000000000e+00
0.000000000000000000e+00
0.000000000000000000e+00
0.000000000000000000e+00
0.000000000000000000e+00
0.000000000000000000e+00
0.000000000000000000e+00
0.000000000000000000e+00
0.000000000000000000e+00
0.000000000000000000e+00
0.000000000000000000e+00
0.000000000000000000e+00
0.000000000000000000e+00
0.000000000000000000e+00
0.000000000000000000e+00
0.000000000000000000e+00
0.000000000000000000e+00
0.000000000000000000e+00
0.000000000000000000e+00
0.000000000000000000e+00
0.000000000000000000e+00
0.000000000000000000e+00
0.000000000000000000e+00
0.000000000000000000e+00
0.000000000000000000e+00
0.000000000000000000e+00
0.000000000000000000e+00
0.000000000000000000e+00
0.000000000000000000e+00
0.000000000000000000e+00
0.000000000000000000e+00
0.000000000000000000e+00
0.000000000000000000e+00
5.631351470947257298e-02
1.877117156982417365e-02
5.068216323852533511e-01
5.214214324951169099e-02
1.112365722656252082e-02
3.337097167968739592e-02
6.056213378906247918e-02
1.029968261718741847e-02
5.221939086914055561e-02
3.307342529296839872e-03
3.589248657226559724e-02
3.307342529296839872e-03
2.320861816406248612e-02
1.029968261718741847e-02
1.112365722656249306e-02
3.337097167968739592e-02
6.952285766601575510e-04
5.214214324951164936e-02
6.257057189941394974e-03
1.877117156982417018e-02
0.000000000000000000e+00
0.000000000000000000e+00
0.000000000000000000e+00
0.000000000000000000e+00
0.000000000000000000e+00
0.000000000000000000e+00
0.000000000000000000e+00
0.000000000000000000e+00
0.000000000000000000e+00
0.000000000000000000e+00
0.000000000000000000e+00
0.000000000000000000e+00
0.000000000000000000e+00
0.000000000000000000e+00
0.000000000000000000e+00
0.000000000000000000e+00
0.000000000000000000e+00
0.000000000000000000e+00
0.000000000000000000e+00
0.000000000000000000e+00
0.000000000000000000e+00
0.000000000000000000e+00
0.000000000000000000e+00
0.000000000000000000e+00
0.000000000000000000e+00
0.000000000000000000e+00
0.000000000000000000e+00
0.000000000000000000e+00
0.000000000000000000e+00
0.000000000000000000e+00
0.000000000000000000e+00
0.000000000000000000e+00
0.000000000000000000e+00
0.000000000000000000e+00
0.000000000000000000e+00
0.000000000000000000e+00
0.000000000000000000e+00
0.000000000000000000e+00
0.000000000000000000e+00

100 1
0.000000000000000000e+00
0.000000000000000000e+00
0.000000000000000000e+00
0.000000000000000000e+00
0.000000000000000000e+00
0.000000000000000000e+00
0.000000000000000000e+00
0.000000000000000000e+00
0.000000000000000000e+00
0.000000000000000000e+00
0.000000000000000000e+00
0.000000000000000000e+00
0.000000000000000000e+00
0.000000000000000000e+00
0.000000000000000000e+00
0.000000000000000000e+00
0.000000000000000000e+00
0.000000000000000000e+00
0.000000000000000000e+00
0.000000000000000000e+00
0.000000000000000000e+00
0.000000000000000000e+00
0.000000000000000000e+00
0.000000000000000000e+00
0.000000000000000000e+00
0.000000000000000000e+00
0.000000000000000000e+00
0.000000000000000000e+00
0.000000000000000000e+00
0.000000000000000000e+00
0.000000000000000000e+00
0.000000000000000000e+00
0.000000000000000000e+00
0.000000000000000000e+00
0.000000000000000000e+00
0.000000000000000000e+00
0.000000000000000000e+00
0.000000000000000000e+00
0.000000000000000000e+00
3.167635202407825118e-02
1.055878400802609876e-02
4.258709549903862968e-01
5.748671293258660053e-02
8.798986673355096988e-02
1.055878400802604325e-02
1.130180954933164839e-01
7.097125053405820266e-04
5.424714088439916426e-02
8.812665939331052953e-03
2.365708351135239682e-02
1.421999931335448698e-02
1.361870765686028564e-02
1.421999931335448698e-02
1.206994056701653044e-02
8.812665939331054688e-03
1.356178522109979107e-02
7.097125053405840866e-04
1.255756616592405492e-02
1.055878400802604325e-02
3.519594669342039715e-03
5.748671293258658666e-02
3.519594669342025837e-03
1.055878400802609703e-02
0.000000000000000000e+00
0.000000000000000000e+00
0.000000000000000000e+00
0.000000000000000000e+00
0.000000000000000000e+00
0.000000000000000000e+00
0.000000000000000000e+00
0.000000000000000000e+00
0.000000000000000000e+00
0.000000000000000000e+00
0.000000000000000000e+00
0.000000000000000000e+00
0.000000000000000000e+00
0.000000000000000000e+00
0.000000000000000000e+00
0.000000000000000000e+00
0.000000000000000000e+00
0.000000000000000000e+00
0.000000000000000000e+00
0.000000000000000000e+00
0.000000000000000000e+00
0.000000000000000000e+00
0.000000000000000000e+00
0.000000000000000000e+00
0.000000000000000000e+00
0.000000000000000000e+00
0.000000000000000000e+00
0.000000000000000000e+00
0.000000000000000000e+00
0.000000000000000000e+00
0.000000000000000000e+00
0.000000000000000000e+00
0.000000000000000000e+00
0.000000000000000000e+00
0.000000000000000000e+00
0.000000000000000000e+00
0.000000000000000000e+00

100 1
0.000000000000000000e+00
0.000000000000000000e+00
0.000000000000000000e+00
0.000000000000000000e+00
0.000000000000000000e+00
0.000000000000000000e+00
0.000000000000000000e+00
0.000000000000000000e+00
0.000000000000000000e+00
0.000000000000000000e+00
0.000000000000000000e+00
0.000000000000000000e+00
0.000000000000000000e+00
0.000000000000000000e+00
0.000000000000000000e+00
0.000000000000000000e+00
0.000000000000000000e+00
0.000000000000000000e+00
0.000000000000000000e+00
0.000000000000000000e+00
0.000000000000000000e+00
0.000000000000000000e+00
0.000000000000000000e+00
0.000000000000000000e+00
0.000000000000000000e+00
0.000000000000000000e+00
0.000000000000000000e+00
0.000000000000000000e+00
0.000000000000000000e+00
0.000000000000000000e+00
0.000000000000000000e+00
0.000000000000000000e+00
0.000000000000000000e+00
0.000000000000000000e+00
0.000000000000000000e+00
0.000000000000000000e+00
0.000000000000000000e+00
1.781794801354402019e-02
5.939316004514658652e-03
3.345814682543269414e-01
5.345384404063216466e-02
1.979772001504895296e-01
2.932995557784966959e-04
1.064677387475962272e-01
1.437167823314666228e-02
1.527601853013023543e-02
2.647028490900989184e-02
2.444162964820584667e-05
2.688468620181071189e-02
1.867353916168221564e-03
2.487820386886583496e-02
2.504885196685796653e-03
2.487820386886583496e-02
1.050386577844629509e-03
2.688468620181071189e-02
7.543712854384584848e-06
2.647028490900989878e-02
2.444162964820835796e-03
1.437167823314666228e-02
7.919088006019566264e-03
2.932995557784964249e-04
5.499366670846928679e-03
5.345384404063199812e-02
1.979772001504889831e-03
5.939316004514658652e-03
0.000000000000000000e+00
0.000000000000000000e+00
0.000000000000000000e+00
0.000000000000000000e+00
0.000000000000000000e+00
0.000000000000000000e+00
0.000000000000000000e+00
0.000000000000000000e+00
0.000000000000000000e+00
0.000000000000000000e+00
0.000000000000000000e+00
0.000000000000000000e+00
0.000000000000000000e+00
0.000000000000000000e+00
0.000000000000000000e+00
0.000000000000000000e+00
0.000000000000000000e+00
0.000000000000000000e+00
0.000000000000000000e+00
0.000000000000000000e+00
0.000000000000000000e+00
0.000000000000000000e+00
0.000000000000000000e+00
0.000000000000000000e+00
0.000000000000000000e+00
0.000000000000000000e+00
0.000000000000000000e+00
0.000000000000000000e+00
0.000000000000000000e+00
0.000000000000000000e+00
0.000000000000000000e+00
0.000000000000000000e+00
0.000000000000000000e+00
0.000000000000000000e+00
0.000000000000000000e+00

100 1
0.000000000000000000e+00
0.000000000000000000e+00
0.000000000000000000e+00
0.000000000000000000e+00
0.000000000000000000e+00
0.000000000000000000e+00
0.000000000000000000e+00
0.000000000000000000e+00
0.000000000000000000e+00
0.000000000000000000e+00
0.000000000000000000e+00
0.000000000000000000e+00
0.000000000000000000e+00
0.000000000000000000e+00
0.000000000000000000e+00
0.000000000000000000e+00
0.000000000000000000e+00
0.000000000000000000e+00
0.000000000000000000e+00
0.000000000000000000e+00
0.000000000000000000e+00
0.000000000000000000e+00
0.000000000000000000e+00
0.000000000000000000e+00
0.000000000000000000e+00
0.000000000000000000e+00
0.000000000000000000e+00
0.000000000000000000e+00
0.000000000000000000e+00
0.000000000000000000e+00
0.000000000000000000e+00
0.000000000000000000e+00
0.000000000000000000e+00
0.000000000000000000e+00
0.000000000000000000e+00
1.002259575761846148e-02
3.340865252539499015e-03
2.505648939404626074e-01
4.491607728414227785e-02
2.970895359758279897e-01
3.340865252539519398e-03
5.808706046082048879e-02
2.717145415954279331e-02
1.113621750846519910e-03
2.310192282311603756e-02
2.236561872996388478e-02
1.100331614725283576e-02
3.065812052227545603e-02
4.155133618041820937e-03
2.756625437177713522e-02
1.862660748884053868e-03
2.202010364271695525e-02
1.862660748884053868e-03
1.667588227428490680e-02
4.155133618041820937e-03
1.103692338801918332e-02
1.100331614725282188e-02
4.620995605364441004e-03
2.310192282311603756e-02
1.237357500940583792e-04
2.717145415954287657e-02
3.093393752351381986e-03
3.340865252539516796e-03
6.063051754608739068e-03
4.491607728414206968e-02
1.113621750846501262e-03
3.340865252539495980e-03
0.000000000000000000e+00
0.000000000000000000e+00
0.000000000000000000e+00
0.000000000000000000e+00
0.000000000000000000e+00
0.000000000000000000e+00
0.000000000000000000e+00
0.000000000000000000e+00
0.000000000000000000e+00
0.000000000000000000e+00
0.000000000000000000e+00
0.000000000000000000e+00
0.000000000000000000e+00
0.000000000000000000e+00
0.000000000000000000e+00
0.000000000000000000e+00
0.000000000000000000e+00
0.000000000000000000e+00
0.000000000000000000e+00
0.000000000000000000e+00
0.000000000000000000e+00
0.000000000000000000e+00
0.000000000000000000e+00
0.000000000000000000e+00
0.000000000000000000e+00
0.000000000000000000e+00
0.000000000000000000e+00
0.000000000000000000e+00
0.000000000000000000e+00
0.000000000000000000e+00
0.000000000000000000e+00
0.000000000000000000e+00
0.000000000000000000e+00

100 1
0.000000000000000000e+00
0.000000000000000000e+00
0.000000000000000000e+00
0.000000000000000000e+00
0.000000000000000000e+00
0.000000000000000000e+00
0.000000000000000000e+00
0.000000000000000000e+00
0.000000000000000000e+00
0.000000000000000000e+00
0.000000000000000000e+00
0.000000000000000000e+00
0.000000000000000000e+00
0.000000000000000000e+00
0.000000000000000000e+00
0.000000000000000000e+00
0.000000000000000000e+00
0.000000000000000000e+00
0.000000000000000000e+00
0.000000000000000000e+00
0.000000000000000000e+00
0.000000000000000000e+00
0.000000000000000000e+00
0.000000000000000000e+00
0.000000000000000000e+00
0.000000000000000000e+00
0.000000000000000000e+00
0.000000000000000000e+00
0.000000000000000000e+00
0.000000000000000000e+00
0.000000000000000000e+00
0.000000000000000000e+00
0.000000000000000000e+00
5.637710113660387296e-03
1.879236704553468359e-03
1.810331358719837469e-01
3.528788922994850752e-02
3.608134472742653420e-01
1.336346101015804637e-02
1.237357500940546029e-02
2.788178902119385280e-02
3.300994844175872411e-02
8.473607478663245512e-03
5.808706046082056512e-02
4.124525003134867535e-05
4.209459666162696651e-02
2.788382582366466956e-03
2.374164853245002219e-02
7.251243107020852348e-03
1.354579726466894826e-02
9.720653935801232617e-03
9.434202278498456107e-03
9.720653935801232617e-03
8.669310249388132925e-03
7.251243107020854083e-03
9.614386595785529357e-03
2.788382582366471726e-03
1.052364916540674336e-02
4.124525003134819423e-05
8.592760423198316302e-03
8.473607478663240308e-03
2.694689668714999719e-03
2.788178902119385280e-02
4.949430003762176873e-04
1.336346101015804463e-02
5.637710113660395969e-03
3.528788922994831323e-02
6.264122348511538428e-04
1.879236704553467925e-03
0.000000000000000000e+00
0.000000000000000000e+00
0.000000000000000000e+00
0.000000000000000000e+00
0.000000000000000000e+00
0.000000000000000000e+00
0.000000000000000000e+00
0.000000000000000000e+00
0.000000000000000000e+00
0.000000000000000000e+00
0.000000000000000000e+00
0.000000000000000000e+00
0.000000000000000000e+00
0.000000000000000000e+00
0.000000000000000000e+00
0.000000000000000000e+00
0.000000000000000000e+00
0.000000000000000000e+00
0.000000000000000000e+00
0.000000000000000000e+00
0.000000000000000000e+00
0.000000000000000000e+00
0.000000000000000000e+00
0.000000000000000000e+00
0.000000000000000000e+00
0.000000000000000000e+00
0.000000000000000000e+00
0.000000000000000000e+00
0.000000000000000000e+00
0.000000000000000000e+00
0.000000000000000000e+00

100 1
0.000000000000000000e+00
0.000000000000000000e+00
0.000000000000000000e+00
0.000000000000000000e+00
0.000000000000000000e+00
0.000000000000000000e+00
0.000000000000000000e+00
0.000000000000000000e+00
0.000000000000000000e+00
0.000000000000000000e+00
0.000000000000000000e+00
0.000000000000000000e+00
0.000000000000000000e+00
0.000000000000000000e+00
0.000000000000000000e+00
0.000000000000000000e+00
0.000000000000000000e+00
0.000000000000000000e+00
0.000000000000000000e+00
0.000000000000000000e+00
0.000000000000000000e+00
0.000000000000000000e+00
0.000000000000000000e+00
0.000000000000000000e+00
0.000000000000000000e+00
0.000000000000000000e+00
0.000000000000000000e+00
0.000000000000000000e+00
0.000000000000000000e+00
0.000000000000000000e+00
0.000000000000000000e+00
3.171211938933971540e-03
1.057070646311321100e-03
1.272008344394622847e-01
2.642676615778312074e-02
3.837166446110108486e-01
2.412992129666231486e-02
1.257174554666590010e-03
1.917662455070949859e-02
8.204453579673988417e-02
2.088040782837125356e-04
6.125692978093837809e-02
6.530784346978180978e-03
1.856809599848908629e-02
1.581783981237088257e-02
1.952370643266441779e-03
1.891810777306085142e-02
1.203225147037354338e-04
1.834185268307903308e-02
1.282663029996924291e-03
1.733766602046655017e-02
1.586825328558924900e-03
1.733766602046655364e-02
8.586421936343047265e-04
1.834185268307903308e-02
5.347667320166049474e-05
1.891810777306085142e-02
5.660719616571306852e-04
1.581783981237089645e-02
3.410466611967383037e-03
6.530784346978180978e-03
6.806325531215367923e-03
2.088040782837118038e-04
5.127783487296244495e-03
1.917662455070949859e-02
3.915076467819834168e-05
2.412992129666222119e-02
4.737242526061850346e-03
2.642676615778311380e-02
3.523568821037742060e-04
1.057070646311321100e-03
0.000000000000000000e+00
0.000000000000000000e+00
0.000000000000000000e+00
0.000000000000000000e+00
0.000000000000000000e+00
0.000000000000000000e+00
0.000000000000000000e+00
0.000000000000000000e+00
0.000000000000000000e+00
0.000000000000000000e+00
0.000000000000000000e+00
0.000000000000000000e+00
0.000000000000000000e+00
0.000000000000000000e+00
0.000000000000000000e+00
0.000000000000000000e+00
0.000000000000000000e+00
0.000000000000000000e+00
0.000000000000000000e+00
0.000000000000000000e+00
0.000000000000000000e+00
0.000000000000000000e+00
0.000000000000000000e+00
0.000000000000000000e+00
0.000000000000000000e+00
0.000000000000000000e+00
0.000000000000000000e+00
0.000000000000000000e+00
0.000000000000000000e+00

100 1
0.000000000000000000e+00
0.000000000000000000e+00
0.000000000000000000e+00
0.000000000000000000e+00
0.000000000000000000e+00
0.000000000000000000e+00
0.000000000000000000e+00
0.000000000000000000e+00
0.000000000000000000e+00
0.000000000000000000e+00
0.000000000000000000e+00
0.000000000000000000e+00
0.000000000000000000e+00
0.000000000000000000e+00
0.000000000000000000e+00
0.000000000000000000e+00
0.000000000000000000e+00
0.000000000000000000e+00
0.000000000000000000e+00
0.000000000000000000e+00
0.000000000000000000e+00
0.000000000000000000e+00
0.000000000000000000e+00
0.000000000000000000e+00
0.000000000000000000e+00
0.000000000000000000e+00
0.000000000000000000e+00
0.000000000000000000e+00
0.000000000000000000e+00
1.783806715650352540e-03
5.946022385501172243e-04
8.740652906686742496e-02
1.909333854899824059e-02
3.721769567221116515e-01
3.197638705091763317e-02
3.180020860986586956e-02
8.485928243999192599e-03
1.110144401678206383e-01
3.306155199595651063e-03
3.248573970773770830e-02
1.714885056998121868e-02
1.342618816124635549e-04
1.826140605771781403e-02
8.168492877302924171e-03
1.151437057342254502e-02
1.776642874597195859e-02
5.524075332459616947e-03
2.025502683159169717e-02
2.405067089739497399e-03
1.865474504393199381e-02
1.288726586608363251e-03
1.588860134597773824e-02
1.288726586608362817e-03
1.295468405828608185e-02
2.405067089739497399e-03
9.708030611591285733e-03
5.524075332459617814e-03
5.801282855827583768e-03
1.151437057342251206e-02
1.778916226612637470e-03
1.826140605771781403e-02
1.888057710175269631e-05
1.714885056998122562e-02
2.810185095825059459e-03
3.306155199595652364e-03
5.482194576188662884e-03
8.485928243999192599e-03
7.928029847334978723e-04
3.197638705091762623e-02
3.721769567221107529e-03
1.909333854899824059e-02
1.982007461833732213e-04
5.946022385501172243e-04
0.000000000000000000e+00
0.000000000000000000e+00
0.000000000000000000e+00
0.000000000000000000e+00
0.000000000000000000e+00
0.000000000000000000e+00
0.000000000000000000e+00
0.000000000000000000e+00
0.000000000000000000e+00
0.000000000000000000e+00
0.000000000000000000e+00
0.000000000000000000e+00
0.000000000000000000e+00
0.000000000000000000e+00
0.000000000000000000e+00
0.000000000000000000e+00
0.000000000000000000e+00
0.000000000000000000e+00
0.000000000000000000e+00
0.000000000000000000e+00
0.000000000000000000e+00
0.000000000000000000e+00
0.000000000000000000e+00
0.000000000000000000e+00
0.000000000000000000e+00
0.000000000000000000e+00
0.000000000000000000e+00

100 1
0.000000000000000000e+00
0.000000000000000000e+00
0.000000000000000000e+00
0.000000000000000000e+00
0.000000000000000000e+00
0.000000000000000000e+00
0.000000000000000000e+00
0.000000000000000000e+00
0.000000000000000000e+00
0.000000000000000000e+00
0.000000000000000000e+00
0.000000000000000000e+00
0.000000000000000000e+00
0.000000000000000000e+00
0.000000000000000000e+00
0.000000000000000000e+00
0.000000000000000000e+00
0.000000000000000000e+00
0.000000000000000000e+00
0.000000000000000000e+00
0.000000000000000000e+00
0.000000000000000000e+00
0.000000000000000000e+00
0.000000000000000000e+00
0.000000000000000000e+00
0.000000000000000000e+00
0.000000000000000000e+00
1.003391277553323168e-03
3.344637591844413995e-04
5.897710953618979374e-02
1.341571300728702613e-02
3.372509571776449722e-01
3.571329695291648038e-02
9.232989065782584714e-02
1.490634778587432386e-03
1.040898015980385033e-01
1.218980468830108653e-02
4.471904335762290003e-03
1.928098694063945170e-02
1.391729819468778655e-02
8.732660254917480949e-03
3.455926531268348201e-02
9.188984573249336972e-04
3.325249337002813416e-02
4.985101707433233116e-04
2.312381224420771014e-02
3.299960799083123241e-03
1.446622395953040159e-02
5.973066532007464090e-03
9.442425001125688902e-03
7.381687789276716524e-03
7.214937997801382577e-03
7.381687789276717392e-03
6.760552811456852634e-03
5.973066532007464090e-03
7.380726509964492289e-03
3.299960799083124108e-03
8.324572407914758096e-03
4.985101707433234200e-04
8.313123342507031804e-03
9.188984573249305531e-04
5.859529412877139201e-03
8.732660254917480949e-03
1.546366466076421788e-03
1.928098694063945170e-02
3.096886659115157827e-04
1.218980468830108653e-02
4.163592063921541485e-03
1.490634778587435205e-03
1.884283482812768766e-03
3.571329695291648038e-02
2.787197993203681563e-03
1.341571300728702613e-02
1.114879197281470338e-04
3.344637591844413995e-04
0.000000000000000000e+00
0.000000000000000000e+00
0.000000000000000000e+00
0.000000000000000000e+00
0.000000000000000000e+00
0.000000000000000000e+00
0.000000000000000000e+00
0.000000000000000000e+00
0.000000000000000000e+00
0.000000000000000000e+00
0.000000000000000000e+00
0.000000000000000000e+00
0.000000000000000000e+00
0.000000000000000000e+00
0.000000000000000000e+00
0.000000000000000000e+00
0.000000000000000000e+00
0.000000000000000000e+00
0.000000000000000000e+00
0.000000000000000000e+00
0.000000000000000000e+00
0.000000000000000000e+00
0.000000000000000000e+00
0.000000000000000000e+00
0.000000000000000000e+00

100 1
0.000000000000000000e+00
0.000000000000000000e+00
0.000000000000000000e+00
0.000000000000000000e+00
0.000000000000000000e+00
0.000000000000000000e+00
0.000000000000000000e+00
0.000000000000000000e+00
0.000000000000000000e+00
0.000000000000000000e+00
0.000000000000000000e+00
0.000000000000000000e+00
0.000000000000000000e+00
0.000000000000000000e+00
0.000000000000000000e+00
0.000000000000000000e+00
0.000000000000000000e+00
0.000000000000000000e+00
0.000000000000000000e+00
0.000000000000000000e+00
0.000000000000000000e+00
0.000000000000000000e+00
0.000000000000000000e+00
0.000000000000000000e+00
0.000000000000000000e+00
5.644075936237434284e-04
1.881358645412480263e-04
3.919497177942678906e-02
9.218657362521150145e-03
2.899800792129106353e-01
3.571329695291646650e-02
1.638253042671942439e-01
2.023299283955351795e-04
6.998998259452099413e-02
1.937515523497772632e-02
3.793686157416192167e-03
1.256659256515999315e-02
4.542482765055282090e-02
6.741782068608680569e-04
4.432031389010010480e-02
2.580738882596024866e-03
2.070137570609453456e-02
9.399383365388234296e-03
5.172305288120195542e-03
1.356999581837985483e-02
3.114470485030386231e-04
1.447478467621002990e-02
2.411805954949464495e-04
1.390517377824081885e-02
9.769462425914946565e-04
1.330383186067848715e-02
1.154256423863144441e-03
1.330383186067848715e-02
7.177564231284432571e-04
1.390517377824082058e-02
1.297015646883940235e-04
1.447478467621002990e-02
1.216590033214994156e-04
1.356999581837984269e-02
1.449677260684207637e-03
9.399383365388234296e-03
4.089160633302616615e-03
2.580738882596028769e-03
6.015776677603622974e-03
6.741782068608655632e-04
4.088234488549763630e-03
1.256659256515998795e-02
2.150615735496710609e-04
1.937515523497773326e-02
2.313718432876727283e-03
2.023299283955327130e-04
2.787197993203685033e-03
3.571329695291646650e-02
2.013750550089656033e-03
9.218657362521150145e-03
6.271195484708269802e-05
1.881358645412479992e-04
0.000000000000000000e+00
0.000000000000000000e+00
0.000000000000000000e+00
0.000000000000000000e+00
0.000000000000000000e+00
0.000000000000000000e+00
0.000000000000000000e+00
0.000000000000000000e+00
0.000000000000000000e+00
0.000000000000000000e+00
0.000000000000000000e+00
0.000000000000000000e+00
0.000000000000000000e+00
0.000000000000000000e+00
0.000000000000000000e+00
0.000000000000000000e+00
0.000000000000000000e+00
0.000000000000000000e+00
0.000000000000000000e+00
0.000000000000000000e+00
0.000000000000000000e+00
0.000000000000000000e+00
0.000000000000000000e+00

100 1
0.000000000000000000e+00
0.000000000000000000e+00
0.000000000000000000e+00
0.000000000000000000e+00
0.000000000000000000e+00
0.000000000000000000e+00
0.000000000000000000e+00
0.000000000000000000e+00
0.000000000000000000e+00
0.000000000000000000e+00
0.000000000000000000e+00
0.000000000000000000e+00
0.000000000000000000e+00
0.000000000000000000e+00
0.000000000000000000e+00
0.000000000000000000e+00
0.000000000000000000e+00
0.000000000000000000e+00
0.000000000000000000e+00
0.000000000000000000e+00
0.000000000000000000e+00
0.000000000000000000e+00
0.000000000000000000e+00
3.174792714133558885e-04
1.058264238044519267e-04
2.571582098448182280e-02
6.220242021395028069e-03
2.391246033291049566e-01
3.302960271852296154e-02
2.289095226840132391e-01
3.762862457387143415e-03
2.989444047585499906e-02
2.088856503420410612e-02
3.195731108934384695e-02
4.064728258560744954e-03
6.414273798975143881e-02
1.813750455407612270e-03
2.702551908470256573e-02
1.120709835150144815e-02
1.982431279163051827e-03
1.471061487124762472e-02
2.116837715194025849e-03
1.151470706972170660e-02
9.441297784100188828e-03
6.785427840550766268e-03
1.406537319781293004e-02
3.388055955539133121e-03
1.505942016416931921e-02
1.639793265898878720e-03
1.408312100741874150e-02
9.833844339961195485e-04
1.242978669293762044e-02
9.833844339961217169e-04
1.057798866779449502e-02
1.639793265898878069e-03
8.470923842345242163e-03
3.388055955539129652e-03
5.888962480745208589e-03
6.785427840550767135e-03
2.913980797561778815e-03
1.151470706972169272e-02
4.749691272319025298e-04
1.471061487124762472e-02
3.171890046660860957e-04
1.120709835150145682e-02
3.002835453855841070e-03
1.813750455407612270e-03
4.770947453783158827e-03
4.064728258560742352e-03
1.510269900252544885e-03
2.088856503420410612e-02
8.304011243293062160e-04
3.762862457387144283e-03
3.296297126649800138e-03
3.302960271852296154e-02
1.414938481237304263e-03
6.220242021395028069e-03
3.527547460148396427e-05
1.058264238044519267e-04
0.000000000000000000e+00
0.000000000000000000e+00
0.000000000000000000e+00
0.000000000000000000e+00
0.000000000000000000e+00
0.000000000000000000e+00
0.000000000000000000e+00
0.000000000000000000e+00
0.000000000000000000e+00
0.000000000000000000e+00
0.000000000000000000e+00
0.000000000000000000e+00
0.000000000000000000e+00
0.000000000000000000e+00
0.000000000000000000e+00
0.000000000000000000e+00
0.000000000000000000e+00
0.000000000000000000e+00
0.000000000000000000e+00
0.000000000000000000e+00
0.000000000000000000e+00

100 1
0.000000000000000000e+00
0.000000000000000000e+00
0.000000000000000000e+00
0.000000000000000000e+00
0.000000000000000000e+00
0.000000000000000000e+00
0.000000000000000000e+00
0.000000000000000000e+00
0.000000000000000000e+00
0.000000000000000000e+00
0.000000000000000000e+00
0.000000000000000000e+00
0.000000000000000000e+00
0.000000000000000000e+00
0.000000000000000000e+00
0.000000000000000000e+00
0.000000000000000000e+00
0.000000000000000000e+00
0.000000000000000000e+00
0.000000000000000000e+00
0.000000000000000000e+00
1.785820901700123993e-04
5.952736339000409696e-05
1.668750420366449730e-02
4.133844679861400050e-03
1.905669326658668006e-01
2.881124388076207465e-02
2.762863359474740377e-01
1.000288342287457971e-02
3.868570933359741920e-03
1.700409432988475925e-02
7.099257310374701424e-02
5.379328418523160606e-05
5.543492175942191930e-02
8.952341239455320968e-03
4.781082230436609765e-03
1.497882532834049658e-02
5.182086376511174479e-03
9.204436527981417135e-03
2.073518846376031996e-02
2.345755977161599181e-03
2.571422417708731090e-02
4.588401511332990735e-06
2.154746368190307501e-02
1.125063735195598125e-03
1.519339167940936437e-02
3.279125845016823797e-03
1.021392895214720715e-02
5.039992344773857984e-03
7.235549701050520560e-03
5.949303316349721128e-03
5.840387894974391307e-03
5.949303316349729802e-03
5.539717739866794992e-03
5.039992344773857984e-03
5.972851186549733501e-03
3.279125845016822929e-03
6.752618524181953213e-03
1.125063735195604630e-03
7.222280070665578616e-03
4.588401511333124566e-06
6.428556044271829459e-03
2.345755977161599181e-03
3.808504003547817738e-03
9.204436527981411931e-03
6.852345621832976958e-04
1.497882532834050005e-02
4.428601687928043849e-04
8.952341239455320968e-03
3.464682609963869956e-03
5.379328418523250731e-05
2.839702924149872451e-03
1.700409432988476272e-02
9.156380907360335184e-05
1.000288342287457971e-02
3.410942419104612700e-03
2.881124388076207465e-02
9.722802687034021478e-04
4.133844679861400050e-03
1.984245446333474981e-05
5.952736339000410374e-05
0.000000000000000000e+00
0.000000000000000000e+00
0.000000000000000000e+00
0.000000000000000000e+00
0.000000000000000000e+00
0.000000000000000000e+00
0.000000000000000000e+00
0.000000000000000000e+00
0.000000000000000000e+00
0.000000000000000000e+00
0.000000000000000000e+00
0.000000000000000000e+00
0.000000000000000000e+00
0.000000000000000000e+00
0.000000000000000000e+00
0.000000000000000000e+00
0.000000000000000000e+00
0.000000000000000000e+00
0.000000000000000000e+00

100 1
0.000000000000000000e+00
0.000000000000000000e+00
0.000000000000000000e+00
0.000000000000000000e+00
0.000000000000000000e+00
0.000000000000000000e+00
0.000000000000000000e+00
0.000000000000000000e+00
0.000000000000000000e+00
0.000000000000000000e+00
0.000000000000000000e+00
0.000000000000000000e+00
0.000000000000000000e+00
0.000000000000000000e+00
0.000000000000000000e+00
0.000000000000000000e+00
0.000000000000000000e+00
0.000000000000000000e+00
0.000000000000000000e+00
1.004524257206316731e-04
3.348414190687726727e-05
1.072608679083638869e-02
2.712215494457069064e-03
1.476092589061509530e-01
2.400978328510299312e-02
3.014180446786908774e-01
1.670114589110815659e-02
2.977608322904241617e-03
1.045077273515759159e-02
9.932264596962632475e-02
2.118801807134551053e-03
2.876898245437610468e-02
1.472794923311576167e-02
2.006764430288542067e-03
1.055489748426132954e-02
2.730499128449892857e-02
1.531569403877349952e-03
3.405497655614673352e-02
6.614000273473806838e-04
2.154535423995440624e-02
5.175718781200668549e-03
8.446237311385933200e-03
9.449658575605089303e-03
1.776783518337369432e-03
1.143700223916001985e-02
3.206539523635588317e-05
1.165888965734165374e-02
2.892104279977568957e-04
1.119246427233486912e-02
7.889656386438075215e-04
1.079241950025430601e-02
9.049076283882126004e-04
1.079241950025430254e-02
6.142466044804766739e-04
1.119246427233488300e-02
1.749544564430862955e-04
1.165888965734164853e-02
1.501122380870957255e-05
1.143700223916001985e-02
6.396420666014548733e-04
9.449658575605089303e-03
2.317448332602480444e-03
5.175718781200671151e-03
4.451519471064964949e-03
6.614000273473812259e-04
5.214467109731340741e-03
1.531569403877341496e-03
3.033887920499878446e-03
1.055489748426132607e-02
1.573303313346217534e-04
1.472794923311576167e-02
1.532075988694590104e-03
2.118801807134551053e-03
3.406126404994043715e-03
1.045077273515760546e-02
6.076751679396390140e-05
1.670114589110814618e-02
3.225639003695861956e-03
2.400978328510299312e-02
6.560411506940038275e-04
2.712215494457068197e-03
1.116138063562577835e-05
3.348414190687728083e-05
0.000000000000000000e+00
0.000000000000000000e+00
0.000000000000000000e+00
0.000000000000000000e+00
0.000000000000000000e+00
0.000000000000000000e+00
0.000000000000000000e+00
0.000000000000000000e+00
0.000000000000000000e+00
0.000000000000000000e+00
0.000000000000000000e+00
0.000000000000000000e+00
0.000000000000000000e+00
0.000000000000000000e+00
0.000000000000000000e+00
0.000000000000000000e+00
0.000000000000000000e+00

100 1
0.000000000000000000e+00
0.000000000000000000e+00
0.000000000000000000e+00
0.000000000000000000e+00
0.000000000000000000e+00
0.000000000000000000e+00
0.000000000000000000e+00
0.000000000000000000e+00
0.000000000000000000e+00
0.000000000000000000e+00
0.000000000000000000e+00
0.000000000000000000e+00
0.000000000000000000e+00
0.000000000000000000e+00
0.000000000000000000e+00
0.000000000000000000e+00
0.000000000000000000e+00
5.650448946785547450e-05
1.883482982261850053e-05
6.837043225610516493e-03
1.760010208980237849e-03
1.116138063562579080e-01
1.928686573836136189e-02
3.050975798282352103e-01
2.225000560488603341e-02
2.790345158906464007e-02
4.300852004927785584e-03
1.042969012729031558e-01
7.872493808328105344e-03
5.293525907385117010e-03
1.481863895550672612e-02
2.204717162592765081e-02
3.390804591011319178e-03
4.400293219110412712e-02
6.561181444175231015e-04
2.513077241062515801e-02
7.088149343541628490e-03
4.866809395350168120e-03
1.159634002480313536e-02
1.011306325233942598e-04
1.095310032810551011e-02
4.174039716396055373e-03
7.691670697028695457e-03
8.966568285432964872e-03
4.472311009794160790e-03
1.149902374517664666e-02
2.333078578344062893e-03
1.196405352590936347e-02
1.225493994503391339e-03
1.130684964237617385e-02
7.944363994309240271e-04
1.020827079213926236e-02
7.944363994309239186e-04
8.933807124840405581e-03
1.225493994503390471e-03
7.456820064624967125e-03
2.333078578344076337e-03
5.634521635136558772e-03
4.472311009794157320e-03
3.436167891696539477e-03
7.691670697028698926e-03
1.241863056117831036e-03
1.095310032810549623e-02
2.313195942406564841e-05
1.159634002480313536e-02
8.449321866927333828e-04
7.088149343541630225e-03
3.256948104417017962e-03
6.561181444175233184e-04
4.165958077264291307e-03
3.390804591011320045e-03
1.481908655240680821e-03
1.481863895550672612e-02
2.430700671758464441e-04
7.872493808328105344e-03
3.100383509896054157e-03
4.300852004927789921e-03
4.960613615833729499e-04
2.225000560488604034e-02
2.857313442720202726e-03
1.928686573836136189e-02
4.359914310791323448e-04
1.760010208980237849e-03
6.278276607539479567e-06
1.883482982261850392e-05
0.000000000000000000e+00
0.000000000000000000e+00
0.000000000000000000e+00
0.000000000000000000e+00
0.000000000000000000e+00
0.000000000000000000e+00
0.000000000000000000e+00
0.000000000000000000e+00
0.000000000000000000e+00
0.000000000000000000e+00
0.000000000000000000e+00
0.000000000000000000e+00
0.000000000000000000e+00
0.000000000000000000e+00
0.000000000000000000e+00

100 1
0.000000000000000000e+00
0.000000000000000000e+00
0.000000000000000000e+00
0.000000000000000000e+00
0.000000000000000000e+00
0.000000000000000000e+00
0.000000000000000000e+00
0.000000000000000000e+00
0.000000000000000000e+00
0.000000000000000000e+00
0.000000000000000000e+00
0.000000000000000000e+00
0.000000000000000000e+00
0.000000000000000000e+00
0.000000000000000000e+00
3.178377532566865443e-05
1.059459177522286843e-05
4.326124974882674355e-03
1.131266966221024760e-03
8.266959962206418822e-02
1.503137137531346430e-02
2.913392840542750606e-01
2.582361259929228173e-02
7.173078292330631323e-02
6.449831161753626389e-04
8.610664118199194694e-02
1.361781449051649787e-02
1.309912032931126675e-03
9.995739782021841394e-03
4.870085862215309258e-02
1.103506871484982840e-05
3.925623784554412715e-02
6.144411808048845514e-03
6.492497100529980025e-03
1.196836616499554959e-02
1.215024460335446073e-03
9.412012484005560439e-03
1.167875391789218766e-02
3.853343560066043848e-03
1.901320732319251514e-02
4.959687931147123115e-04
1.908853435834469148e-02
1.540363874135575607e-04
1.529826607948565897e-02
1.472909166918603399e-03
1.104602931655164835e-02
3.104218914204539062e-03
7.828539332458306355e-03
4.347054529045047723e-03
5.860952800245236398e-03
4.982219786117805804e-03
4.905558343360647174e-03
4.982219786117805804e-03
4.692009305459487155e-03
4.347054529045047723e-03
5.010265172773310273e-03
3.104218914204542965e-03
5.635729243138599444e-03
1.472909166918596243e-03
6.195165602436348076e-03
1.540363874135594309e-04
6.098227422609192767e-03
4.959687931147127452e-04
4.753301830798128784e-03
3.853343560066043848e-03
2.261006758503930104e-03
9.412012484005501459e-03
1.797373462034699892e-04
1.196836616499554612e-02
7.213885667255530952e-04
6.144411808048847248e-03
3.204590844534225755e-03
1.103506871484997409e-05
2.837505436962540085e-03
9.995739782021841394e-03
5.239648131724505722e-05
1.361781449051649787e-02
2.240027085899898209e-03
6.449831161753641568e-04
1.120793483176661144e-03
2.582361259929228173e-02
2.407762678134506371e-03
1.503137137531346257e-02
2.860539779310187504e-04
1.131266966221022808e-03
3.531530591740967156e-06
1.059459177522286843e-05
0.000000000000000000e+00
0.000000000000000000e+00
0.000000000000000000e+00
0.000000000000000000e+00
0.000000000000000000e+00
0.000000000000000000e+00
0.000000000000000000e+00
0.000000000000000000e+00
0.000000000000000000e+00
0.000000000000000000e+00
0.000000000000000000e+00
0.000000000000000000e+00
0.000000000000000000e+00

100 1
0.000000000000000000e+00
0.000000000000000000e+00
0.000000000000000000e+00
0.000000000000000000e+00
0.000000000000000000e+00
0.000000000000000000e+00
0.000000000000000000e+00
0.000000000000000000e+00
0.000000000000000000e+00
0.000000000000000000e+00
0.000000000000000000e+00
0.000000000000000000e+00
0.000000000000000000e+00
1.787837362068861769e-05
5.959457873562880752e-06
2.719499276302524918e-03
7.210944027011081687e-04
6.014284885999649638e-02
1.142126422790626893e-02
2.654558352643296981e-01
2.725717059099014988e-02
1.241185883138431062e-01
2.066681131708490422e-04
5.461754307866271974e-02
1.660521092197229931e-02
1.961062328638241495e-02
3.990426105999423691e-03
6.264332632703757675e-02
2.372025913833752855e-03
1.908782596137514539e-02
1.149151567970337767e-02
4.667664122092881024e-04
9.721182430527974469e-03
1.628195745710980455e-02
2.625184250794690595e-03
2.615254001156422370e-02
1.674782670963987684e-05
2.110847821788390533e-02
2.426502644049151336e-03
1.116648556156149205e-02
6.169177931456250319e-03
3.905433847537777194e-03
8.756787256435465128e-03
6.713783903801942435e-04
9.757702352566318196e-03
4.351411687278852885e-07
9.737192694610237800e-03
3.019642569723963760e-04
9.363702726632703449e-03
6.616757047787492733e-04
9.078489115531655773e-03
7.433532852137213296e-04
9.078489115531655773e-03
5.359573208707850119e-04
9.363702726632703449e-03
1.978858736168303460e-04
9.737192694610236066e-03
2.301573123849818820e-07
9.757702352566337278e-03
2.855579165133154671e-04
8.756787256435442576e-03
1.328932350898272578e-03
6.169177931456252054e-03
3.019417695846232565e-03
2.426502644049166515e-03
4.496480567123205783e-03
1.674782670964014450e-05
4.340819398352902848e-03
2.625184250794685824e-03
2.076780287896657761e-03
9.721182430527971000e-03
4.495609915452182043e-05
1.149151567970337941e-02
1.357356512808897877e-03
2.372025913833756758e-03
3.194092601482661359e-03
3.990426105999427160e-03
6.894359749118815451e-04
1.660521092197229931e-02
1.253846259840748177e-03
2.066681131708478496e-04
1.717904336523775992e-03
2.725717059099014988e-02
1.950287769288952186e-03
1.142126422790625678e-02
1.856260767283841862e-04
7.210944027011080603e-04
1.986485957854295137e-06
5.959457873562880752e-06
0.000000000000000000e+00
0.000000000000000000e+00
0.000000000000000000e+00
0.000000000000000000e+00
0.000000000000000000e+00
0.000000000000000000e+00
0.000000000000000000e+00
0.000000000000000000e+00
0.000000000000000000e+00
0.000000000000000000e+00
0.000000000000000000e+00

100 1
0.000000000000000000e+00
0.000000000000000000e+00
0.000000000000000000e+00
0.000000000000000000e+00
0.000000000000000000e+00
0.000000000000000000e+00
0.000000000000000000e+00
0.000000000000000000e+00
0.000000000000000000e+00
0.000000000000000000e+00
0.000000000000000000e+00
1.005658516163730701e-05
3.352195053879112641e-06
1.699562892316708535e-03
4.562709934446565561e-04
4.307210593654798442e-02
8.492599935944198861e-03
2.326871568286354441e-01
2.681859505913606473e-02
1.749310708470006859e-01
2.588869942112598157e-03
2.324592016041489989e-02
1.595980065151847774e-02
5.084030771822988654e-02
3.657750174115716830e-04
5.562864552689469888e-02
7.772535108841341009e-03
2.238380309932030444e-03
1.180449070435450262e-02
1.398324609482370744e-02
3.623714073405429406e-03
3.218832038511324628e-02
7.846500785223949027e-05
2.379840960230201682e-02
4.114012671787569374e-03
7.912159878164881296e-03
8.739737915676473040e-03
3.932181144427568408e-04
9.884918568977526035e-03
1.217200648593944274e-03
8.122738703359527745e-03
5.001470419398590557e-03
5.445540410715480305e-03
8.148001529969519860e-03
3.183459128499484085e-03
9.676632696272086109e-03
1.731088990974682072e-03
9.915679804436187961e-03
9.705362176411169673e-04
9.443281781846829884e-03
6.661615609359909825e-04
8.660683933428978826e-03
6.661615609359909825e-04
7.730214791942615661e-03
9.705362176411111126e-04
6.637769125283698307e-03
1.731088990974683156e-03
5.286477975846198482e-03
3.183459128499482784e-03
3.621334013319770125e-03
5.445540410715483774e-03
1.800529350983490033e-03
8.122738703359527745e-03
3.529161643852286217e-04
9.884918568977529504e-03
9.115756013830622986e-05
8.739737915676473040e-03
1.453253855173141989e-03
4.114012671787569374e-03
3.424028016502418323e-03
7.846500785223949027e-05
3.576480042790374046e-03
3.623714073405412059e-03
1.178608671884202397e-03
1.180449070435453732e-02
1.398987693707519299e-04
7.772535108841341009e-03
2.503033637114647925e-03
3.657750174115738514e-04
1.583262178076361810e-03
1.595980065151847774e-02
4.744065338860201618e-04
2.588869942112598157e-03
2.159642849962976549e-03
2.681859505913606473e-02
1.529718342920174902e-03
8.492599935944198861e-03
1.193133128436234985e-04
4.562709934446565019e-04
1.117398351293039241e-06
3.352195053879112641e-06
0.000000000000000000e+00
0.000000000000000000e+00
0.000000000000000000e+00
0.000000000000000000e+00
0.000000000000000000e+00
0.000000000000000000e+00
0.000000000000000000e+00
0.000000000000000000e+00
0.000000000000000000e+00

