100 1
0.000000000000000000e+00
0.000000000000000000e+00
0.000000000000000000e+00
0.000000000000000000e+00
0.000000000000000000e+00
0.000000000000000000e+00
0.000000000000000000e+00
0.000000000000000000e+00
0.000000000000000000e+00
0.000000000000000000e+00
0.000000000000000000e+00
0.000000000000000000e+00
0.000000000000000000e+00
0.000000000000000000e+00
0.000000000000000000e+00
0.000000000000000000e+00
0.000000000000000000e+00
0.000000000000000000e+00
0.000000000000000000e+00
0.000000000000000000e+00
0.000000000000000000e+00
0.000000000000000000e+00
0.000000000000000000e+00
0.000000000000000000e+00
0.000000000000000000e+00
0.000000000000000000e+00
0.000000000000000000e+00
0.000000000000000000e+00
0.000000000000000000e+00
0.000000000000000000e+00
0.000000000000000000e+00
0.000000000000000000e+00
0.000000000000000000e+00
0.000000000000000000e+00
0.000000000000000000e+00
0.000000000000000000e+00
0.000000000000000000e+00
0.000000000000000000e+00
0.000000000000000000e+00
0.000000000000000000e+00
0.000000000000000000e+00
0.000000000000000000e+00
0.000000000000000000e+00
0.000000000000000000e+00
0.000000000000000000e+00
0.000000000000000000e+00
0.000000000000000000e+00
0.000000000000000000e+00
0.000000000000000000e+00
0.000000000000000000e+00
0.000000000000000000e+00
1.000000000000000000e+00
0.000000000000000000e+00
0.000000000000000000e+00
0.000000000000000000e+00
0.000000000000000000e+00
0.000000000000000000e+00
0.000000000000000000e+00
0.000000000000000000e+00
0.000000000000000000e+00
0.000000000000000000e+00
0.000000000000000000e+00
0.000000000000000000e+00
0.000000000000000000e+00
0.000000000000000000e+00
0.000000000000000000e+00
0.000000000000000000e+00
0.000000000000000000e+00
0.000000000000000000e+00
0.000000000000000000e+00
0.000000000000000000e+00
0.000000000000000000e+00
0.000000000000000000e+00
0.000000000000000000e+00
0.000000000000000000e+00
0.000000000000000000e+00
0.000000000000000000e+00
0.000000000000000000e+00
0.000000000000000000e+00
0.000000000000000000e+00
0.000000000000000000e+00
0.000000000000000000e+00
0.000000000000000000e+00
0.000000000000000000e+00
0.000000000000000000e+00
0.000000000000000000e+00
0.000000000000000000e+00
0.000000000000000000e+00
0.000000000000000000e+00
0.000000000000000000e+00
0.000000000000000000e+00
0.000000000000000000e+00
0.000000000000000000e+00
0.000000000000000000e+00
0.000000000000000000e+00
0.000000000000000000e+00
0.000000000000000000e+00
0.000000000000000000e+00
0.000000000000000000e+00
0.000000000000000000e+00

100 1
0.000000000000000000e+00
0.000000000000000000e+00
0.000000000000000000e+00
0.000000000000000000e+00
0.000000000000000000e+00
0.000000000000000000e+00
0.000000000000000000e+00
0.000000000000000000e+00
0.000000000000000000e+00
0.000000000000000000e+00
0.000000000000000000e+00
0.000000000000000000e+00
0.000000000000000000e+00
0.000000000000000000e+00
0.000000000000000000e+00
0.000000000000000000e+00
0.000000000000000000e+00
0.000000000000000000e+00
0.000000000000000000e+00
0.000000000000000000e+00
0.000000000000000000e+00
0.000000000000000000e+00
0.000000000000000000e+00
0.000000000000000000e+00
0.000000000000000000e+00
0.000000000000000000e+00
0.000000000000000000e+00
0.000000000000000000e+00
0.000000000000000000e+00
0.000000000000000000e+00
0.000000000000000000e+00
0.000000000000000000e+00
0.000000000000000000e+00
0.000000000000000000e+00
0.000000000000000000e+00
0.000000000000000000e+00
0.000000000000000000e+00
0.000000000000000000e+00
0.000000000000000000e+00
0.000000000000000000e+00
0.000000000000000000e+00
0.000000000000000000e+00
0.000000000000000000e+00
0.000000000000000000e+00
0.000000000000000000e+00
0.000000000000000000e+00
0.000000000000000000e+00
0.000000000000000000e+00
0.000000000000000000e+00
3.590548976071198384e-01
5.066539788565530555e-01
7.859354791731974765e-02
5.569757561900675474e-02
0.000000000000000000e+00
0.000000000000000000e+00
0.000000000000000000e+00
0.000000000000000000e+00
0.000000000000000000e+00
0.000000000000000000e+00
0.000000000000000000e+00
0.000000000000000000e+00
0.000000000000000000e+00
0.000000000000000000e+00
0.000000000000000000e+00
0.000000000000000000e+00
0.000000000000000000e+00
0.000000000000000000e+00
0.000000000000000000e+00
0.000000000000000000e+00
0.000000000000000000e+00
0.000000000000000000e+00
0.000000000000000000e+00
0.000000000000000000e+00
0.000000000000000000e+00
0.000000000000000000e+00
0.000000000000000000e+00
0.000000000000000000e+00
0.000000000000000000e+00
0.000000000000000000e+00
0.000000000000000000e+00
0.000000000000000000e+00
0.000000000000000000e+00
0.000000000000000000e+00
0.000000000000000000e+00
0.000000000000000000e+00
0.000000000000000000e+00
0.000000000000000000e+00
0.000000000000000000e+00
0.000000000000000000e+00
0.000000000000000000e+00
0.000000000000000000e+00
0.000000000000000000e+00
0.000000000000000000e+00
0.000000000000000000e+00
0.000000000000000000e+00
0.000000000000000000e+00
0.000000000000000000e+00
0.000000000000000000e+00
0.000000000000000000e+00
0.000000000000000000e+00

100 1
0.000000000000000000e+00
0.000000000000000000e+00
0.000000000000000000e+00
0.000000000000000000e+00
0.000000000000000000e+00
0.000000000000000000e+00
0.000000000000000000e+00
0.000000000000000000e+00
0.000000000000000000e+00
0.000000000000000000e+00
0.000000000000000000e+00
0.000000000000000000e+00
0.000000000000000000e+00
0.000000000000000000e+00
0.000000000000000000e+00
0.000000000000000000e+00
0.000000000000000000e+00
0.000000000000000000e+00
0.000000000000000000e+00
0.000000000000000000e+00
0.000000000000000000e+00
0.000000000000000000e+00
0.000000000000000000e+00
0.000000000000000000e+00
0.000000000000000000e+00
0.000000000000000000e+00
0.000000000000000000e+00
0.000000000000000000e+00
0.000000000000000000e+00
0.000000000000000000e+00
0.000000000000000000e+00
0.000000000000000000e+00
0.000000000000000000e+00
0.000000000000000000e+00
0.000000000000000000e+00
0.000000000000000000e+00
0.000000000000000000e+00
0.000000000000000000e+00
0.000000000000000000e+00
0.000000000000000000e+00
0.000000000000000000e+00
0.000000000000000000e+00
0.000000000000000000e+00
0.000000000000000000e+00
0.000000000000000000e+00
0.000000000000000000e+00
0.000000000000000000e+00
1.517985278693536888e-01
7.104713012341128467e-03
6.341041927531292366e-01
8.148680700326663140e-02
5.202416054340537610e-02
4.883209442767879466e-02
1.102102472054859597e-03
2.354740191876880315e-02
0.000000000000000000e+00
0.000000000000000000e+00
0.000000000000000000e+00
0.000000000000000000e+00
0.000000000000000000e+00
0.000000000000000000e+00
0.000000000000000000e+00
0.000000000000000000e+00
0.000000000000000000e+00
0.000000000000000000e+00
0.000000000000000000e+00
0.000000000000000000e+00
0.000000000000000000e+00
0.000000000000000000e+00
0.000000000000000000e+00
0.000000000000000000e+00
0.000000000000000000e+00
0.000000000000000000e+00
0.000000000000000000e+00
0.000000000000000000e+00
0.000000000000000000e+00
0.000000000000000000e+00
0.000000000000000000e+00
0.000000000000000000e+00
0.000000000000000000e+00
0.000000000000000000e+00
0.000000000000000000e+00
0.000000000000000000e+00
0.000000000000000000e+00
0.000000000000000000e+00
0.000000000000000000e+00
0.000000000000000000e+00
0.000000000000000000e+00
0.000000000000000000e+00
0.000000000000000000e+00
0.000000000000000000e+00
0.000000000000000000e+00
0.000000000000000000e+00
0.000000000000000000e+00
0.000000000000000000e+00
0.000000000000000000e+00
0.000000000000000000e+00
0.000000000000000000e+00
0.000000000000000000e+00
0.000000000000000000e+00

100 1
0.000000000000000000e+00
0.000000000000000000e+00
0.000000000000000000e+00
0.000000000000000000e+00
0.000000000000000000e+00
0.000000000000000000e+00
0.000000000000000000e+00
0.000000000000000000e+00
0.000000000000000000e+00
0.000000000000000000e+00
0.000000000000000000e+00
0.000000000000000000e+00
0.000000000000000000e+00
0.000000000000000000e+00
0.000000000000000000e+00
0.000000000000000000e+00
0.000000000000000000e+00
0.000000000000000000e+00
0.000000000000000000e+00
0.000000000000000000e+00
0.000000000000000000e+00
0.000000000000000000e+00
0.000000000000000000e+00
0.000000000000000000e+00
0.000000000000000000e+00
0.000000000000000000e+00
0.000000000000000000e+00
0.000000000000000000e+00
0.000000000000000000e+00
0.000000000000000000e+00
0.000000000000000000e+00
0.000000000000000000e+00
0.000000000000000000e+00
0.000000000000000000e+00
0.000000000000000000e+00
0.000000000000000000e+00
0.000000000000000000e+00
0.000000000000000000e+00
0.000000000000000000e+00
0.000000000000000000e+00
0.000000000000000000e+00
0.000000000000000000e+00
0.000000000000000000e+00
0.000000000000000000e+00
0.000000000000000000e+00
7.234876226051645265e-02
3.562645038416082516e-02
4.999419004977271319e-01
5.780645664861808197e-02
6.096854328953103981e-03
2.407265396940785618e-01
3.534614761332188076e-02
1.555131061431562218e-04
2.699424508350526178e-02
8.207720720733276826e-03
5.526472212279446780e-03
1.122293744996044097e-02
0.000000000000000000e+00
0.000000000000000000e+00
0.000000000000000000e+00
0.000000000000000000e+00
0.000000000000000000e+00
0.000000000000000000e+00
0.000000000000000000e+00
0.000000000000000000e+00
0.000000000000000000e+00
0.000000000000000000e+00
0.000000000000000000e+00
0.000000000000000000e+00
0.000000000000000000e+00
0.000000000000000000e+00
0.000000000000000000e+00
0.000000000000000000e+00
0.000000000000000000e+00
0.000000000000000000e+00
0.000000000000000000e+00
0.000000000000000000e+00
0.000000000000000000e+00
0.000000000000000000e+00
0.000000000000000000e+00
0.000000000000000000e+00
0.000000000000000000e+00
0.000000000000000000e+00
0.000000000000000000e+00
0.000000000000000000e+00
0.000000000000000000e+00
0.000000000000000000e+00
0.000000000000000000e+00
0.000000000000000000e+00
0.000000000000000000e+00
0.000000000000000000e+00
0.000000000000000000e+00
0.000000000000000000e+00
0.000000000000000000e+00
0.000000000000000000e+00
0.000000000000000000e+00
0.000000000000000000e+00
0.000000000000000000e+00
0.000000000000000000e+00
0.000000000000000000e+00

100 1
0.000000000000000000e+00
0.000000000000000000e+00
0.000000000000000000e+00
0.000000000000000000e+00
0.000000000000000000e+00
0.000000000000000000e+00
0.000000000000000000e+00
0.000000000000000000e+00
0.000000000000000000e+00
0.000000000000000000e+00
0.000000000000000000e+00
0.000000000000000000e+00
0.000000000000000000e+00
0.000000000000000000e+00
0.000000000000000000e+00
0.000000000000000000e+00
0.000000000000000000e+00
0.000000000000000000e+00
0.000000000000000000e+00
0.000000000000000000e+00
0.000000000000000000e+00
0.000000000000000000e+00
0.000000000000000000e+00
0.000000000000000000e+00
0.000000000000000000e+00
0.000000000000000000e+00
0.000000000000000000e+00
0.000000000000000000e+00
0.000000000000000000e+00
0.000000000000000000e+00
0.000000000000000000e+00
0.000000000000000000e+00
0.000000000000000000e+00
0.000000000000000000e+00
0.000000000000000000e+00
0.000000000000000000e+00
0.000000000000000000e+00
0.000000000000000000e+00
0.000000000000000000e+00
0.000000000000000000e+00
0.000000000000000000e+00
0.000000000000000000e+00
0.000000000000000000e+00
4.187639890971583956e-02
1.236531699631392318e-02
4.694308378410479987e-01
4.803247929637791125e-02
1.880690681792918442e-02
2.017950262810755749e-02
3.636007573239547624e-02
3.160259687013992208e-02
1.375105637691563867e-02
2.775401777247237245e-01
3.880307091103859206e-03
1.324951623621696897e-02
4.390944513798157589e-03
1.197599619739696556e-04
1.918141718843183489e-03
6.495981284393262042e-03
0.000000000000000000e+00
0.000000000000000000e+00
0.000000000000000000e+00
0.000000000000000000e+00
0.000000000000000000e+00
0.000000000000000000e+00
0.000000000000000000e+00
0.000000000000000000e+00
0.000000000000000000e+00
0.000000000000000000e+00
0.000000000000000000e+00
0.000000000000000000e+00
0.000000000000000000e+00
0.000000000000000000e+00
0.000000000000000000e+00
0.000000000000000000e+00
0.000000000000000000e+00
0.000000000000000000e+00
0.000000000000000000e+00
0.000000000000000000e+00
0.000000000000000000e+00
0.000000000000000000e+00
0.000000000000000000e+00
0.000000000000000000e+00
0.000000000000000000e+00
0.000000000000000000e+00
0.000000000000000000e+00
0.000000000000000000e+00
0.000000000000000000e+00
0.000000000000000000e+00
0.000000000000000000e+00
0.000000000000000000e+00
0.000000000000000000e+00
0.000000000000000000e+00
0.000000000000000000e+00
0.000000000000000000e+00
0.000000000000000000e+00
0.000000000000000000e+00
0.000000000000000000e+00
0.000000000000000000e+00
0.000000000000000000e+00

100 1
0.000000000000000000e+00
0.000000000000000000e+00
0.000000000000000000e+00
0.000000000000000000e+00
0.000000000000000000e+00
0.000000000000000000e+00
0.000000000000000000e+00
0.000000000000000000e+00
0.000000000000000000e+00
0.000000000000000000e+00
0.000000000000000000e+00
0.000000000000000000e+00
0.000000000000000000e+00
0.000000000000000000e+00
0.000000000000000000e+00
0.000000000000000000e+00
0.000000000000000000e+00
0.000000000000000000e+00
0.000000000000000000e+00
0.000000000000000000e+00
0.000000000000000000e+00
0.000000000000000000e+00
0.000000000000000000e+00
0.000000000000000000e+00
0.000000000000000000e+00
0.000000000000000000e+00
0.000000000000000000e+00
0.000000000000000000e+00
0.000000000000000000e+00
0.000000000000000000e+00
0.000000000000000000e+00
0.000000000000000000e+00
0.000000000000000000e+00
0.000000000000000000e+00
0.000000000000000000e+00
0.000000000000000000e+00
0.000000000000000000e+00
0.000000000000000000e+00
0.000000000000000000e+00
0.000000000000000000e+00
0.000000000000000000e+00
2.136656320073857668e-02
2.014818842458379784e-03
3.599655317740196869e-01
1.761881994430924622e-03
1.200366957602936602e-01
8.009199811427152038e-02
6.139062742652046795e-02
1.276387121625622620e-08
3.635105062101071788e-02
6.411575120825289097e-03
9.382447185346383389e-02
1.341520829681702156e-03
2.356320068003988841e-02
1.664337649824980947e-01
3.698571037362188089e-09
1.851228620262400718e-02
2.030364362130835081e-03
1.276647979519661023e-03
3.125441975149373429e-04
3.314439595511662739e-03
0.000000000000000000e+00
0.000000000000000000e+00
0.000000000000000000e+00
0.000000000000000000e+00
0.000000000000000000e+00
0.000000000000000000e+00
0.000000000000000000e+00
0.000000000000000000e+00
0.000000000000000000e+00
0.000000000000000000e+00
0.000000000000000000e+00
0.000000000000000000e+00
0.000000000000000000e+00
0.000000000000000000e+00
0.000000000000000000e+00
0.000000000000000000e+00
0.000000000000000000e+00
0.000000000000000000e+00
0.000000000000000000e+00
0.000000000000000000e+00
0.000000000000000000e+00
0.000000000000000000e+00
0.000000000000000000e+00
0.000000000000000000e+00
0.000000000000000000e+00
0.000000000000000000e+00
0.000000000000000000e+00
0.000000000000000000e+00
0.000000000000000000e+00
0.000000000000000000e+00
0.000000000000000000e+00
0.000000000000000000e+00
0.000000000000000000e+00
0.000000000000000000e+00
0.000000000000000000e+00
0.000000000000000000e+00
0.000000000000000000e+00
0.000000000000000000e+00
0.000000000000000000e+00

100 1
0.000000000000000000e+00
0.000000000000000000e+00
0.000000000000000000e+00
0.000000000000000000e+00
0.000000000000000000e+00
0.000000000000000000e+00
0.000000000000000000e+00
0.000000000000000000e+00
0.000000000000000000e+00
0.000000000000000000e+00
0.000000000000000000e+00
0.000000000000000000e+00
0.000000000000000000e+00
0.000000000000000000e+00
0.000000000000000000e+00
0.000000000000000000e+00
0.000000000000000000e+00
0.000000000000000000e+00
0.000000000000000000e+00
0.000000000000000000e+00
0.000000000000000000e+00
0.000000000000000000e+00
0.000000000000000000e+00
0.000000000000000000e+00
0.000000000000000000e+00
0.000000000000000000e+00
0.000000000000000000e+00
0.000000000000000000e+00
0.000000000000000000e+00
0.000000000000000000e+00
0.000000000000000000e+00
0.000000000000000000e+00
0.000000000000000000e+00
0.000000000000000000e+00
0.000000000000000000e+00
0.000000000000000000e+00
0.000000000000000000e+00
0.000000000000000000e+00
0.000000000000000000e+00
1.266365743463398509e-02
2.087290905936168423e-03
2.658771651193122532e-01
1.477587952002475460e-02
1.599380088107351938e-01
2.486813151514736392e-02
7.687199936346282569e-02
8.008334617961396229e-02
3.360445385211204700e-02
9.341395646594430726e-04
2.389758078881082382e-02
3.145744886313840000e-02
1.030395342497270863e-04
6.753706901607499369e-02
2.779164572944337747e-02
3.713815135196252282e-02
2.656302143836087107e-02
8.982624989666274096e-02
3.222684251200993132e-03
1.588236699589491360e-02
2.194516059548457453e-04
2.369010898975892811e-03
3.237862617862242694e-04
1.964421101840826186e-03
0.000000000000000000e+00
0.000000000000000000e+00
0.000000000000000000e+00
0.000000000000000000e+00
0.000000000000000000e+00
0.000000000000000000e+00
0.000000000000000000e+00
0.000000000000000000e+00
0.000000000000000000e+00
0.000000000000000000e+00
0.000000000000000000e+00
0.000000000000000000e+00
0.000000000000000000e+00
0.000000000000000000e+00
0.000000000000000000e+00
0.000000000000000000e+00
0.000000000000000000e+00
0.000000000000000000e+00
0.000000000000000000e+00
0.000000000000000000e+00
0.000000000000000000e+00
0.000000000000000000e+00
0.000000000000000000e+00
0.000000000000000000e+00
0.000000000000000000e+00
0.000000000000000000e+00
0.000000000000000000e+00
0.000000000000000000e+00
0.000000000000000000e+00
0.000000000000000000e+00
0.000000000000000000e+00
0.000000000000000000e+00
0.000000000000000000e+00
0.000000000000000000e+00
0.000000000000000000e+00
0.000000000000000000e+00
0.000000000000000000e+00

100 1
0.000000000000000000e+00
0.000000000000000000e+00
0.000000000000000000e+00
0.000000000000000000e+00
0.000000000000000000e+00
0.000000000000000000e+00
0.000000000000000000e+00
0.000000000000000000e+00
0.000000000000000000e+00
0.000000000000000000e+00
0.000000000000000000e+00
0.000000000000000000e+00
0.000000000000000000e+00
0.000000000000000000e+00
0.000000000000000000e+00
0.000000000000000000e+00
0.000000000000000000e+00
0.000000000000000000e+00
0.000000000000000000e+00
0.000000000000000000e+00
0.000000000000000000e+00
0.000000000000000000e+00
0.000000000000000000e+00
0.000000000000000000e+00
0.000000000000000000e+00
0.000000000000000000e+00
0.000000000000000000e+00
0.000000000000000000e+00
0.000000000000000000e+00
0.000000000000000000e+00
0.000000000000000000e+00
0.000000000000000000e+00
0.000000000000000000e+00
0.000000000000000000e+00
0.000000000000000000e+00
0.000000000000000000e+00
0.000000000000000000e+00
1.180821918729494172e-02
2.591996233279333190e-04
2.614252674970887202e-01
2.607968411509983646e-03
1.781948269578993715e-01
3.001691538462026828e-05
9.378953921669876126e-02
1.727336459692142097e-04
1.690460636348030052e-02
5.706104614662658482e-03
1.199466754754830236e-02
1.126947544336711349e-01
8.300699026927932465e-04
2.705854793809148997e-07
6.320368355796972433e-03
3.573310268008740576e-02
5.407386966645198051e-03
9.236700329196773085e-02
7.464034380086818389e-03
5.698983003814955817e-02
2.896454860076389144e-03
7.581055274388227849e-02
1.339244440424700575e-04
1.585093694922866739e-02
3.911334437017518779e-06
2.732318113605613271e-03
4.020775295626925723e-05
1.831723186324042511e-03
0.000000000000000000e+00
0.000000000000000000e+00
0.000000000000000000e+00
0.000000000000000000e+00
0.000000000000000000e+00
0.000000000000000000e+00
0.000000000000000000e+00
0.000000000000000000e+00
0.000000000000000000e+00
0.000000000000000000e+00
0.000000000000000000e+00
0.000000000000000000e+00
0.000000000000000000e+00
0.000000000000000000e+00
0.000000000000000000e+00
0.000000000000000000e+00
0.000000000000000000e+00
0.000000000000000000e+00
0.000000000000000000e+00
0.000000000000000000e+00
0.000000000000000000e+00
0.000000000000000000e+00
0.000000000000000000e+00
0.000000000000000000e+00
0.000000000000000000e+00
0.000000000000000000e+00
0.000000000000000000e+00
0.000000000000000000e+00
0.000000000000000000e+00
0.000000000000000000e+00
0.000000000000000000e+00
0.000000000000000000e+00
0.000000000000000000e+00
0.000000000000000000e+00
0.000000000000000000e+00

100 1
0.000000000000000000e+00
0.000000000000000000e+00
0.000000000000000000e+00
0.000000000000000000e+00
0.000000000000000000e+00
0.000000000000000000e+00
0.000000000000000000e+00
0.000000000000000000e+00
0.000000000000000000e+00
0.000000000000000000e+00
0.000000000000000000e+00
0.000000000000000000e+00
0.000000000000000000e+00
0.000000000000000000e+00
0.000000000000000000e+00
0.000000000000000000e+00
0.000000000000000000e+00
0.000000000000000000e+00
0.000000000000000000e+00
0.000000000000000000e+00
0.000000000000000000e+00
0.000000000000000000e+00
0.000000000000000000e+00
0.000000000000000000e+00
0.000000000000000000e+00
0.000000000000000000e+00
0.000000000000000000e+00
0.000000000000000000e+00
0.000000000000000000e+00
0.000000000000000000e+00
0.000000000000000000e+00
0.000000000000000000e+00
0.000000000000000000e+00
0.000000000000000000e+00
0.000000000000000000e+00
9.202217525918350918e-03
8.734411058664308305e-04
2.204432336195490116e-01
1.022030122277925793e-02
1.976961317043624544e-01
2.744669667356711921e-03
5.694896329211483754e-02
3.738657192786459804e-02
5.916286206912408849e-03
1.992359047122271853e-02
1.125657154926059701e-02
9.506887134729510858e-03
1.963645901834277369e-02
5.225642566269747200e-03
3.125667735389059051e-04
9.454675785482004324e-02
1.718131048507621497e-04
7.465949729501126760e-04
8.966594926110930605e-03
3.349411306828239260e-02
1.749817456513183891e-02
8.273387937128062752e-02
1.600941965855163683e-03
7.003646581682125560e-02
1.390539712194740346e-02
5.069949744765347294e-02
2.304167238442149900e-03
1.159847098544427267e-02
5.411798606378377273e-07
2.840092929858329014e-03
1.354905680634273441e-04
1.427473096532476090e-03
0.000000000000000000e+00
0.000000000000000000e+00
0.000000000000000000e+00
0.000000000000000000e+00
0.000000000000000000e+00
0.000000000000000000e+00
0.000000000000000000e+00
0.000000000000000000e+00
0.000000000000000000e+00
0.000000000000000000e+00
0.000000000000000000e+00
0.000000000000000000e+00
0.000000000000000000e+00
0.000000000000000000e+00
0.000000000000000000e+00
0.000000000000000000e+00
0.000000000000000000e+00
0.000000000000000000e+00
0.000000000000000000e+00
0.000000000000000000e+00
0.000000000000000000e+00
0.000000000000000000e+00
0.000000000000000000e+00
0.000000000000000000e+00
0.000000000000000000e+00
0.000000000000000000e+00
0.000000000000000000e+00
0.000000000000000000e+00
0.000000000000000000e+00
0.000000000000000000e+00
0.000000000000000000e+00
0.000000000000000000e+00
0.000000000000000000e+00

100 1
0.000000000000000000e+00
0.000000000000000000e+00
0.000000000000000000e+00
0.000000000000000000e+00
0.000000000000000000e+00
0.000000000000000000e+00
0.000000000000000000e+00
0.000000000000000000e+00
0.000000000000000000e+00
0.000000000000000000e+00
0.000000000000000000e+00
0.000000000000000000e+00
0.000000000000000000e+00
0.000000000000000000e+00
0.000000000000000000e+00
0.000000000000000000e+00
0.000000000000000000e+00
0.000000000000000000e+00
0.000000000000000000e+00
0.000000000000000000e+00
0.000000000000000000e+00
0.000000000000000000e+00
0.000000000000000000e+00
0.000000000000000000e+00
0.000000000000000000e+00
0.000000000000000000e+00
0.000000000000000000e+00
0.000000000000000000e+00
0.000000000000000000e+00
0.000000000000000000e+00
0.000000000000000000e+00
0.000000000000000000e+00
0.000000000000000000e+00
4.888408269662702227e-03
2.803680609680705461e-03
1.407825100020423659e-01
5.541693077082290170e-02
2.072361784706673593e-01
1.961804136048350342e-02
1.901915023822926473e-02
4.598512996194639713e-02
1.283628432051514339e-03
1.159376379628071540e-03
8.797261372918422501e-03
3.602727750940768608e-02
5.639727725694076987e-02
1.292133735007428615e-03
8.259915870977515315e-05
1.137877134014817068e-03
4.176711193735516831e-03
1.983406934789169046e-02
5.971069171748771831e-02
2.589738701964955370e-02
2.173809235214351279e-02
1.649683224721346445e-02
1.752800191074072034e-02
1.798553576319337349e-03
2.824753253557455226e-02
4.969743731761219058e-02
4.517901983225725178e-03
9.767585274087399461e-02
2.154695702419369766e-02
1.504958102808448377e-02
4.671970088670882384e-03
5.201737605215458159e-03
4.024655449639225838e-04
2.687546284622060588e-03
4.349145877411295861e-04
7.583032318195490106e-04
0.000000000000000000e+00
0.000000000000000000e+00
0.000000000000000000e+00
0.000000000000000000e+00
0.000000000000000000e+00
0.000000000000000000e+00
0.000000000000000000e+00
0.000000000000000000e+00
0.000000000000000000e+00
0.000000000000000000e+00
0.000000000000000000e+00
0.000000000000000000e+00
0.000000000000000000e+00
0.000000000000000000e+00
0.000000000000000000e+00
0.000000000000000000e+00
0.000000000000000000e+00
0.000000000000000000e+00
0.000000000000000000e+00
0.000000000000000000e+00
0.000000000000000000e+00
0.000000000000000000e+00
0.000000000000000000e+00
0.000000000000000000e+00
0.000000000000000000e+00
0.000000000000000000e+00
0.000000000000000000e+00
0.000000000000000000e+00
0.000000000000000000e+00
0.000000000000000000e+00
0.000000000000000000e+00

100 1
0.000000000000000000e+00
0.000000000000000000e+00
0.000000000000000000e+00
0.000000000000000000e+00
0.000000000000000000e+00
0.000000000000000000e+00
0.000000000000000000e+00
0.000000000000000000e+00
0.000000000000000000e+00
0.000000000000000000e+00
0.000000000000000000e+00
0.000000000000000000e+00
0.000000000000000000e+00
0.000000000000000000e+00
0.000000000000000000e+00
0.000000000000000000e+00
0.000000000000000000e+00
0.000000000000000000e+00
0.000000000000000000e+00
0.000000000000000000e+00
0.000000000000000000e+00
0.000000000000000000e+00
0.000000000000000000e+00
0.000000000000000000e+00
0.000000000000000000e+00
0.000000000000000000e+00
0.000000000000000000e+00
0.000000000000000000e+00
0.000000000000000000e+00
0.000000000000000000e+00
0.000000000000000000e+00
2.783237214788783585e-03
1.194393335623217587e-04
1.057563275993615437e-01
4.778616175303546489e-04
2.815874728238336733e-01
8.578688308540225599e-03
2.928149580853112605e-05
1.208441167264783823e-02
4.023627139950698706e-02
2.510042353929462303e-02
1.461933367340594904e-02
1.449252141910699863e-02
8.459249579043798262e-02
8.931113997192239445e-03
7.985103485533657456e-04
1.222829585340220180e-04
5.514720449529968670e-03
4.883617820112311295e-05
8.724507315210558445e-03
1.215839900291464234e-03
2.498884248315319870e-02
9.157979121740857098e-02
6.672948106364463405e-04
6.412602634410177489e-04
1.347749046283902054e-02
4.464584707361558824e-02
3.053660021706273292e-02
1.259331141492696718e-02
1.219831235210730967e-02
1.183797941247282000e-02
3.637010568349105175e-03
1.252999898356226272e-01
4.968585525769235629e-03
1.402347140527258635e-03
6.399977391894566114e-04
1.479014525217257773e-03
4.078537478288284573e-05
3.101691439612903976e-03
1.852775538589191651e-05
4.317433525331141404e-04
0.000000000000000000e+00
0.000000000000000000e+00
0.000000000000000000e+00
0.000000000000000000e+00
0.000000000000000000e+00
0.000000000000000000e+00
0.000000000000000000e+00
0.000000000000000000e+00
0.000000000000000000e+00
0.000000000000000000e+00
0.000000000000000000e+00
0.000000000000000000e+00
0.000000000000000000e+00
0.000000000000000000e+00
0.000000000000000000e+00
0.000000000000000000e+00
0.000000000000000000e+00
0.000000000000000000e+00
0.000000000000000000e+00
0.000000000000000000e+00
0.000000000000000000e+00
0.000000000000000000e+00
0.000000000000000000e+00
0.000000000000000000e+00
0.000000000000000000e+00
0.000000000000000000e+00
0.000000000000000000e+00
0.000000000000000000e+00
0.000000000000000000e+00

100 1
0.000000000000000000e+00
0.000000000000000000e+00
0.000000000000000000e+00
0.000000000000000000e+00
0.000000000000000000e+00
0.000000000000000000e+00
0.000000000000000000e+00
0.000000000000000000e+00
0.000000000000000000e+00
0.000000000000000000e+00
0.000000000000000000e+00
0.000000000000000000e+00
0.000000000000000000e+00
0.000000000000000000e+00
0.000000000000000000e+00
0.000000000000000000e+00
0.000000000000000000e+00
0.000000000000000000e+00
0.000000000000000000e+00
0.000000000000000000e+00
0.000000000000000000e+00
0.000000000000000000e+00
0.000000000000000000e+00
0.000000000000000000e+00
0.000000000000000000e+00
0.000000000000000000e+00
0.000000000000000000e+00
0.000000000000000000e+00
0.000000000000000000e+00
1.553790573605991253e-03
6.624980680763689492e-04
6.766779918176962783e-02
1.999992731731166026e-02
2.300755827677163634e-01
2.236831074397217442e-02
7.977925542790764019e-03
4.178559757221594895e-02
2.099427641266909603e-02
3.851008182446219452e-02
2.382318157421700264e-02
8.418475520368558923e-03
9.626599299850431557e-02
9.785837754082836459e-03
7.637387484490067895e-04
1.087937964540336655e-04
3.144429173393744713e-06
1.317724124649036384e-02
2.372741351622219014e-03
6.992501910934962803e-03
7.275371575866981799e-03
9.721252084707400487e-03
2.282516917557451952e-02
5.626089530349729110e-04
3.330193997251166150e-03
8.925823215522955822e-02
1.185076152899989729e-03
3.371892673697732615e-03
1.125606495841527041e-02
6.255263544614599047e-02
7.386989840451712620e-03
1.513158280223215850e-02
2.222087925700228297e-02
2.613980654187342007e-03
2.466158746953604416e-02
9.778332584374677117e-02
4.747750381523750110e-04
1.450993812899711822e-04
1.456894465336105830e-03
3.804609095633281379e-04
4.154100427957905747e-04
2.339281045382238244e-03
1.027685083535753290e-04
2.410282342512836372e-04
0.000000000000000000e+00
0.000000000000000000e+00
0.000000000000000000e+00
0.000000000000000000e+00
0.000000000000000000e+00
0.000000000000000000e+00
0.000000000000000000e+00
0.000000000000000000e+00
0.000000000000000000e+00
0.000000000000000000e+00
0.000000000000000000e+00
0.000000000000000000e+00
0.000000000000000000e+00
0.000000000000000000e+00
0.000000000000000000e+00
0.000000000000000000e+00
0.000000000000000000e+00
0.000000000000000000e+00
0.000000000000000000e+00
0.000000000000000000e+00
0.000000000000000000e+00
0.000000000000000000e+00
0.000000000000000000e+00
0.000000000000000000e+00
0.000000000000000000e+00
0.000000000000000000e+00
0.000000000000000000e+00

100 1
0.000000000000000000e+00
0.000000000000000000e+00
0.000000000000000000e+00
0.000000000000000000e+00
0.000000000000000000e+00
0.000000000000000000e+00
0.000000000000000000e+00
0.000000000000000000e+00
0.000000000000000000e+00
0.000000000000000000e+00
0.000000000000000000e+00
0.000000000000000000e+00
0.000000000000000000e+00
0.000000000000000000e+00
0.000000000000000000e+00
0.000000000000000000e+00
0.000000000000000000e+00
0.000000000000000000e+00
0.000000000000000000e+00
0.000000000000000000e+00
0.000000000000000000e+00
0.000000000000000000e+00
0.000000000000000000e+00
0.000000000000000000e+00
0.000000000000000000e+00
0.000000000000000000e+00
0.000000000000000000e+00
1.272743311088218345e-03
2.460828340372849346e-04
5.824810712155622378e-02
9.932899137508725135e-03
2.106841139460209344e-01
3.496967879366684462e-02
5.484643981145193720e-03
1.138554961028610986e-02
4.551122515437329430e-02
2.818468187060246821e-03
3.435325047535805337e-02
1.334816399483155711e-02
3.268614002210510489e-02
1.003229059349775298e-01
8.806808562432532142e-03
1.181033563038186990e-02
1.659463181070496398e-03
7.123444820857619333e-03
5.894578250273544220e-04
4.687415950957962664e-04
2.920661914135678355e-04
1.945397985624939402e-02
3.560892143106188928e-02
4.543951700287685328e-04
7.327574980639339590e-03
1.944002101345761874e-03
2.504125473001340193e-04
8.469781223670804654e-05
5.061156931387280483e-02
5.262155548461578541e-02
1.659831275482670510e-02
1.281441913297325867e-04
5.606540631561722976e-04
7.099666103925361682e-02
8.316661229752901965e-03
3.896060074117974059e-02
1.161741258502674984e-03
2.101901605343483930e-04
8.021196724260062916e-03
9.115725210648972787e-02
5.576199093545199364e-04
1.316460233325953938e-05
1.598766274853068500e-05
2.549953985541927350e-04
3.142895681320707251e-04
2.125525125253746248e-03
3.817304080427441035e-05
1.974314158791615128e-04
0.000000000000000000e+00
0.000000000000000000e+00
0.000000000000000000e+00
0.000000000000000000e+00
0.000000000000000000e+00
0.000000000000000000e+00
0.000000000000000000e+00
0.000000000000000000e+00
0.000000000000000000e+00
0.000000000000000000e+00
0.000000000000000000e+00
0.000000000000000000e+00
0.000000000000000000e+00
0.000000000000000000e+00
0.000000000000000000e+00
0.000000000000000000e+00
0.000000000000000000e+00
0.000000000000000000e+00
0.000000000000000000e+00
0.000000000000000000e+00
0.000000000000000000e+00
0.000000000000000000e+00
0.000000000000000000e+00
0.000000000000000000e+00
0.000000000000000000e+00

100 1
0.000000000000000000e+00
0.000000000000000000e+00
0.000000000000000000e+00
0.000000000000000000e+00
0.000000000000000000e+00
0.000000000000000000e+00
0.000000000000000000e+00
0.000000000000000000e+00
0.000000000000000000e+00
0.000000000000000000e+00
0.000000000000000000e+00
0.000000000000000000e+00
0.000000000000000000e+00
0.000000000000000000e+00
0.000000000000000000e+00
0.000000000000000000e+00
0.000000000000000000e+00
0.000000000000000000e+00
0.000000000000000000e+00
0.000000000000000000e+00
0.000000000000000000e+00
0.000000000000000000e+00
0.000000000000000000e+00
0.000000000000000000e+00
0.000000000000000000e+00
1.201913487258333491e-03
3.419611867731467544e-05
5.672291475153407037e-02
1.158355909678532823e-03
2.180522330628706373e-01
2.800360638565039390e-03
9.973650143968934567e-03
1.404677418684726438e-03
4.753461513285215517e-02
1.887240698007004377e-02
2.738576635146434957e-02
2.932992950478614802e-02
3.939845600028923922e-02
1.515638894923151297e-04
1.699057715890094078e-02
1.130995631721308861e-02
1.145698126524325941e-02
7.972424468766241279e-02
5.169748155809463934e-05
1.007839172457817081e-02
2.353037555050936886e-06
7.791665663775962716e-03
4.441219859430164951e-02
1.203111776383785286e-04
1.087617671862174153e-02
7.981516754614273110e-03
5.679868691896496503e-04
6.535100257046435080e-06
5.150214007464684607e-02
9.384934291588024365e-06
2.519664611490452649e-02
3.167835168459492805e-03
8.211877918781563060e-05
4.225779010576880684e-02
2.046079534883013442e-03
1.521978353286337034e-07
2.129593002662043266e-03
7.518847098073327961e-02
3.152009441995488274e-03
4.520088652183362754e-02
7.513765244025864560e-04
3.072774403639335429e-05
2.197480511469235807e-03
8.874716475488733658e-02
3.683222925666653673e-04
5.702267071577370969e-05
1.463795024933424907e-05
1.504020063748244703e-04
2.895229090906523565e-05
2.137425760317112743e-03
5.304595254373421187e-06
1.864441003039186463e-04
0.000000000000000000e+00
0.000000000000000000e+00
0.000000000000000000e+00
0.000000000000000000e+00
0.000000000000000000e+00
0.000000000000000000e+00
0.000000000000000000e+00
0.000000000000000000e+00
0.000000000000000000e+00
0.000000000000000000e+00
0.000000000000000000e+00
0.000000000000000000e+00
0.000000000000000000e+00
0.000000000000000000e+00
0.000000000000000000e+00
0.000000000000000000e+00
0.000000000000000000e+00
0.000000000000000000e+00
0.000000000000000000e+00
0.000000000000000000e+00
0.000000000000000000e+00
0.000000000000000000e+00
0.000000000000000000e+00

100 1
0.000000000000000000e+00
0.000000000000000000e+00
0.000000000000000000e+00
0.000000000000000000e+00
0.000000000000000000e+00
0.000000000000000000e+00
0.000000000000000000e+00
0.000000000000000000e+00
0.000000000000000000e+00
0.000000000000000000e+00
0.000000000000000000e+00
0.000000000000000000e+00
0.000000000000000000e+00
0.000000000000000000e+00
0.000000000000000000e+00
0.000000000000000000e+00
0.000000000000000000e+00
0.000000000000000000e+00
0.000000000000000000e+00
0.000000000000000000e+00
0.000000000000000000e+00
0.000000000000000000e+00
0.000000000000000000e+00
2.966456040728681731e-04
3.419682922014038095e-04
1.915931366253915968e-02
1.294865106798902613e-02
1.325396209862311492e-01
2.493522049764667486e-02
8.414762278161330711e-02
1.468680319786793038e-02
4.764307525436601090e-03
1.388313197812079090e-02
2.923492108181794985e-04
7.697243642684686860e-02
8.239436813876151091e-05
8.436382554717535226e-04
6.827168140414996422e-02
1.040392017208452251e-02
3.044544119065944326e-03
3.424581066300857058e-03
6.233380704932188748e-04
6.153430450604662622e-02
3.787326685381414010e-02
7.363129839412715927e-03
3.946709920401934857e-02
1.155028983379205974e-02
1.391800178385153115e-04
1.094324231136211897e-02
2.089548617212486908e-05
1.244948820350576940e-02
2.239569778559170193e-02
7.933088400531584927e-03
1.026360297010261253e-03
3.641304323064760429e-02
9.929217626868214186e-03
2.418593500433500760e-03
1.511753688693420446e-03
1.233073515550173367e-02
2.415501921084313788e-02
9.686610864056106190e-03
5.950379176708439979e-03
1.657869271553701063e-02
6.758363405027134618e-02
4.975129767698357151e-03
1.132823141839606022e-02
1.977951174231876857e-02
1.061381868517646300e-02
2.677441936638404185e-02
2.894779782712450511e-02
2.409067921549981964e-02
6.006066091369225793e-06
2.117173435158987971e-04
5.891891123051145891e-04
3.367264134822074858e-04
3.780422967189025238e-04
9.537765690903943130e-04
5.304705475715695433e-05
4.601647568381997850e-05
0.000000000000000000e+00
0.000000000000000000e+00
0.000000000000000000e+00
0.000000000000000000e+00
0.000000000000000000e+00
0.000000000000000000e+00
0.000000000000000000e+00
0.000000000000000000e+00
0.000000000000000000e+00
0.000000000000000000e+00
0.000000000000000000e+00
0.000000000000000000e+00
0.000000000000000000e+00
0.000000000000000000e+00
0.000000000000000000e+00
0.000000000000000000e+00
0.000000000000000000e+00
0.000000000000000000e+00
0.000000000000000000e+00
0.000000000000000000e+00
0.000000000000000000e+00

100 1
0.000000000000000000e+00
0.000000000000000000e+00
0.000000000000000000e+00
0.000000000000000000e+00
0.000000000000000000e+00
0.000000000000000000e+00
0.000000000000000000e+00
0.000000000000000000e+00
0.000000000000000000e+00
0.000000000000000000e+00
0.000000000000000000e+00
0.000000000000000000e+00
0.000000000000000000e+00
0.000000000000000000e+00
0.000000000000000000e+00
0.000000000000000000e+00
0.000000000000000000e+00
0.000000000000000000e+00
0.000000000000000000e+00
0.000000000000000000e+00
0.000000000000000000e+00
9.235848530563984409e-05
2.547107802356613095e-05
9.247261894738992641e-03
1.252880641994563466e-03
1.062131300072346879e-01
3.960012286866111328e-03
1.357753663900667651e-01
2.002554531274326321e-03
4.016361318843774710e-03
3.071543806606473470e-02
3.703413289271598879e-03
3.329097876935699449e-03
5.122928037120675487e-02
3.996633982356759610e-04
6.266634343812514663e-02
5.475455617796962625e-03
2.160765548228704008e-03
3.387380931625039865e-02
5.528109888085576450e-04
1.180484229181601695e-02
7.758606348223381043e-03
2.991426057134097304e-04
7.233457230985367980e-04
1.305902536906196343e-01
1.613555805104676874e-02
2.155284488962050469e-03
1.034098386867307422e-02
1.627364128276958513e-04
4.926650776928384774e-04
3.457800676973054026e-03
2.749469628400393398e-02
1.527356590750743488e-02
4.052234497249648792e-02
4.956781094111576552e-03
1.027553690208940843e-03
9.999231103352452816e-04
3.259588940197366579e-04
3.555070251588035579e-03
4.863190332164454670e-04
5.149408330313609561e-02
3.311569205820912715e-03
7.731173694597529705e-04
5.616976129072986977e-04
9.436606600036399894e-02
4.594802633510776651e-04
2.957501799070774793e-03
9.204449722104572282e-03
1.962219396123106308e-02
1.634355128672353237e-05
6.946522376497760165e-02
1.833833362592787383e-03
8.127026179007993192e-03
2.187506561414055359e-04
5.701193412764873295e-04
2.274206205859809137e-05
1.063927104627487331e-03
4.922200680912907034e-05
6.094676719238485219e-04
3.951143136522594708e-06
1.432690029755992998e-05
0.000000000000000000e+00
0.000000000000000000e+00
0.000000000000000000e+00
0.000000000000000000e+00
0.000000000000000000e+00
0.000000000000000000e+00
0.000000000000000000e+00
0.000000000000000000e+00
0.000000000000000000e+00
0.000000000000000000e+00
0.000000000000000000e+00
0.000000000000000000e+00
0.000000000000000000e+00
0.000000000000000000e+00
0.000000000000000000e+00
0.000000000000000000e+00
0.000000000000000000e+00
0.000000000000000000e+00
0.000000000000000000e+00

100 1
0.000000000000000000e+00
0.000000000000000000e+00
0.000000000000000000e+00
0.000000000000000000e+00
0.000000000000000000e+00
0.000000000000000000e+00
0.000000000000000000e+00
0.000000000000000000e+00
0.000000000000000000e+00
0.000000000000000000e+00
0.000000000000000000e+00
0.000000000000000000e+00
0.000000000000000000e+00
0.000000000000000000e+00
0.000000000000000000e+00
0.000000000000000000e+00
0.000000000000000000e+00
0.000000000000000000e+00
0.000000000000000000e+00
4.120880387582202413e-05
1.324116105617032026e-05
4.911602121820611046e-03
1.065961260621883268e-03
7.069828999587267349e-02
7.116183324379685322e-03
1.374672611246485210e-01
1.967417586506367786e-06
6.407484448059530416e-04
4.058997103855355865e-02
1.999611030748445900e-02
5.326349187963189472e-03
2.761001314413950164e-02
2.457856562464410242e-04
3.933494897493458077e-03
6.408981354750982462e-02
5.847044234192689573e-03
2.517083550605055814e-02
1.950991657909439828e-03
1.552002514710656457e-02
5.684678731601542669e-03
1.877380299710035977e-02
5.974163638415962672e-03
1.367696249420318616e-02
9.078499970123138363e-02
1.842081014940682646e-02
3.628991943309119866e-02
1.378681042614087263e-02
5.457080950908523340e-05
1.451693957454523428e-03
1.998011655247169255e-02
7.261012054824842431e-03
3.000604861687034691e-02
2.835974925318636777e-02
1.199297149416431478e-03
3.817155800352699507e-04
5.042749145854348147e-05
6.678221126020574862e-03
6.135639846115101834e-04
3.276265673428728660e-07
1.382486003349460424e-02
4.906763240568778210e-06
1.834143116278645277e-02
2.752037408227279644e-02
2.557891955619239280e-02
6.984200648400537559e-03
7.976569454581836777e-03
5.583113565745807111e-02
8.922939879893214887e-04
1.838309575741529228e-02
2.891819204728904302e-02
5.886458983834586076e-04
2.830223208629229111e-03
5.475630931849671812e-02
1.566891333446792907e-03
2.137792212188291147e-03
5.779502163084206459e-04
1.200898425864018495e-04
4.559115204589154392e-06
1.072230633231417794e-03
6.187364429461270630e-05
3.532192460010189199e-04
2.054005039687471750e-06
6.392422120791874767e-06
0.000000000000000000e+00
0.000000000000000000e+00
0.000000000000000000e+00
0.000000000000000000e+00
0.000000000000000000e+00
0.000000000000000000e+00
0.000000000000000000e+00
0.000000000000000000e+00
0.000000000000000000e+00
0.000000000000000000e+00
0.000000000000000000e+00
0.000000000000000000e+00
0.000000000000000000e+00
0.000000000000000000e+00
0.000000000000000000e+00
0.000000000000000000e+00
0.000000000000000000e+00

100 1
0.000000000000000000e+00
0.000000000000000000e+00
0.000000000000000000e+00
0.000000000000000000e+00
0.000000000000000000e+00
0.000000000000000000e+00
0.000000000000000000e+00
0.000000000000000000e+00
0.000000000000000000e+00
0.000000000000000000e+00
0.000000000000000000e+00
0.000000000000000000e+00
0.000000000000000000e+00
0.000000000000000000e+00
0.000000000000000000e+00
0.000000000000000000e+00
0.000000000000000000e+00
1.594712050730899097e-05
2.218812231759291519e-05
2.077264497029172267e-03
2.606064792813238187e-03
3.352598415156975153e-02
3.678477441384386815e-02
7.671581244961134249e-02
6.916144084058062358e-02
9.816431327443421364e-04
3.438909644598037168e-05
1.423333382594207767e-02
2.229919152691909462e-02
4.362001399053908046e-02
4.053280567110585712e-05
2.151365468637883409e-03
1.538405238921061041e-02
8.805665615425709372e-03
1.156115173764607484e-02
5.077380202856077857e-02
6.165416055914447503e-03
1.745476935841044561e-02
3.784906858614346496e-03
1.716213398779245156e-02
3.923895141622468254e-03
8.032930120976747301e-02
9.573295766050067893e-03
2.920858660087285747e-03
5.639408945551122043e-02
1.298300649244092490e-02
2.189049490125925465e-02
2.749700608171503843e-02
5.781650830824295586e-04
1.246509572092417738e-03
2.497075917360305070e-02
2.246870303014257553e-02
5.339725436833866849e-04
1.543179357131321643e-02
7.985875672381114246e-03
1.411376116459478393e-04
1.452504762000887814e-04
6.593403748837489481e-05
2.005268844598569883e-02
3.668262018089576536e-03
1.445923679331661757e-02
1.044532144452098646e-02
3.043426130206676114e-02
1.669560781947287964e-02
7.197178070984785797e-04
3.224085205885641667e-03
9.037234039374933761e-03
9.557510540570563970e-03
6.190221578281895204e-02
9.512964858135380952e-03
2.511201104660464034e-02
5.485875765864434237e-04
1.960751259692560043e-04
2.459565185879264773e-02
3.233885819687023350e-02
1.035730318110721039e-03
4.271388358204077605e-04
7.201250052441840823e-05
2.905853965036786149e-05
5.400308454014656747e-04
6.062734093110771659e-04
1.861253167312853347e-04
1.555319825013536160e-04
3.441882087847605919e-06
2.473760854623257872e-06
0.000000000000000000e+00
0.000000000000000000e+00
0.000000000000000000e+00
0.000000000000000000e+00
0.000000000000000000e+00
0.000000000000000000e+00
0.000000000000000000e+00
0.000000000000000000e+00
0.000000000000000000e+00
0.000000000000000000e+00
0.000000000000000000e+00
0.000000000000000000e+00
0.000000000000000000e+00
0.000000000000000000e+00
0.000000000000000000e+00

100 1
0.000000000000000000e+00
0.000000000000000000e+00
0.000000000000000000e+00
0.000000000000000000e+00
0.000000000000000000e+00
0.000000000000000000e+00
0.000000000000000000e+00
0.000000000000000000e+00
0.000000000000000000e+00
0.000000000000000000e+00
0.000000000000000000e+00
0.000000000000000000e+00
0.000000000000000000e+00
0.000000000000000000e+00
0.000000000000000000e+00
9.146816118048499045e-06
1.084155369484724052e-06
1.441140297819295093e-03
1.111143123753915925e-04
3.070343373538633042e-02
1.257220594027728131e-03
1.160860828384735199e-01
1.989853115887385386e-03
3.117896422821783003e-02
2.292816295815860127e-03
2.234977238561638990e-02
2.294329997824197387e-02
2.387299023637603004e-03
9.473313114800084936e-03
1.401193192146698435e-02
4.751954177217317110e-02
1.792980607838108240e-02
4.910606425271763636e-03
1.533548968045473498e-02
9.104786290061097842e-06
5.264466616165761406e-03
6.694668239037526725e-02
4.853082958777251051e-03
4.684577535963737845e-05
4.873601214504164059e-02
3.488370705434726445e-03
2.818688343099582522e-02
3.052864726702994927e-02
5.555685288290627966e-02
1.055269963997829651e-03
4.481562630531126684e-06
1.683470781230523780e-02
3.337142715791543198e-03
4.428606865328593017e-02
4.671121840391993796e-02
1.003880284834729117e-03
1.419688408528049436e-02
4.292104397583568135e-06
1.713954602798313390e-03
5.378183175830161117e-03
4.690725663283503832e-04
3.687193055644120455e-03
1.522432141782391378e-03
3.677437985133523497e-06
1.551937958909438810e-03
2.095098544008638236e-02
2.721806500666495467e-03
2.208625218014415373e-02
9.699362856949968886e-03
3.829503778272425746e-02
1.465818493396435496e-03
2.070072409976117783e-03
2.919711395066907147e-02
4.050557138575604232e-02
1.388439020012481595e-02
1.175875599131707451e-02
4.220355623421725121e-03
2.939038943264504419e-02
1.867166373632934018e-03
1.588648390047600611e-02
1.227403931061390703e-03
2.580919751638903123e-02
5.946808973994417496e-04
1.397760971296568647e-05
2.331603960748132704e-07
1.063833386703805998e-04
1.172462442962923107e-05
8.018937478078364076e-04
7.414414118790381134e-06
1.166789281629277379e-04
1.681771396994034019e-07
1.418879078946877169e-06
0.000000000000000000e+00
0.000000000000000000e+00
0.000000000000000000e+00
0.000000000000000000e+00
0.000000000000000000e+00
0.000000000000000000e+00
0.000000000000000000e+00
0.000000000000000000e+00
0.000000000000000000e+00
0.000000000000000000e+00
0.000000000000000000e+00
0.000000000000000000e+00
0.000000000000000000e+00

100 1
0.000000000000000000e+00
0.000000000000000000e+00
0.000000000000000000e+00
0.000000000000000000e+00
0.000000000000000000e+00
0.000000000000000000e+00
0.000000000000000000e+00
0.000000000000000000e+00
0.000000000000000000e+00
0.000000000000000000e+00
0.000000000000000000e+00
0.000000000000000000e+00
0.000000000000000000e+00
4.191912227674891327e-06
3.698710654446241257e-07
7.298572073937808482e-04
3.353720352361535406e-05
1.774754111323834788e-02
1.513112303842039849e-04
8.290055297000369083e-02
1.305037061832714507e-03
4.467744837744373754e-02
2.648330878028740468e-02
1.770753929944747637e-03
1.211147131056511395e-02
9.237367304841676008e-03
3.036012662873460721e-02
1.577128380035140373e-02
1.272514561761458295e-02
5.489888577761412036e-02
7.279784198998348263e-03
2.821149825415361287e-03
2.108588654570404172e-03
1.466423570404458703e-04
2.151660096912355949e-02
5.606832877673820215e-02
3.598647520837346949e-04
1.348144196571389106e-02
3.015519173120382798e-02
1.361910054190636557e-02
1.521353532312115682e-02
5.402227467415199325e-02
5.595691818096398817e-02
1.286204802738147865e-03
1.205029478103798344e-03
1.465590609639152997e-02
3.402240092848102422e-03
9.216326641002584030e-02
1.388105930313881641e-03
3.352879959026480207e-03
4.749588911619839304e-04
1.422630530008761181e-05
1.214927012342681065e-02
1.924915261180669022e-03
3.637032552143526867e-04
2.353495411702268350e-03
7.129046601135424419e-03
1.044263948383560405e-03
3.990771732117410803e-05
1.587584373187731629e-02
4.239384074218074949e-03
3.464242733100991040e-02
1.642138497677995241e-04
1.367173792413815467e-02
4.054609879748230841e-06
9.897206394301395760e-03
4.080204303647838593e-02
6.744348455443595867e-03
4.663438521642148532e-03
1.197800308636538151e-03
5.063272031969631021e-02
1.488478035551208355e-02
8.395651053219729473e-03
1.102752888849711094e-02
1.613393597778095892e-02
3.614018201793117030e-03
1.865637797266668854e-02
1.180440918197025405e-03
1.591605098749118360e-02
1.622255440380922922e-05
1.291728868248568213e-05
2.134919379420004138e-04
2.093153311715555760e-04
6.563505037957251929e-07
5.342371948483796333e-04
2.091982811287184882e-06
6.132447872864397749e-05
5.737540909252875809e-08
6.502608649684417380e-07
0.000000000000000000e+00
0.000000000000000000e+00
0.000000000000000000e+00
0.000000000000000000e+00
0.000000000000000000e+00
0.000000000000000000e+00
0.000000000000000000e+00
0.000000000000000000e+00
0.000000000000000000e+00
0.000000000000000000e+00
0.000000000000000000e+00

100 1
0.000000000000000000e+00
0.000000000000000000e+00
0.000000000000000000e+00
0.000000000000000000e+00
0.000000000000000000e+00
0.000000000000000000e+00
0.000000000000000000e+00
0.000000000000000000e+00
0.000000000000000000e+00
0.000000000000000000e+00
0.000000000000000000e+00
2.221647784181766230e-06
1.891783263351529044e-06
3.967545526929883572e-04
3.239776044539475390e-04
9.933062388183710317e-03
7.701548790355359185e-03
4.810013359979006808e-02
3.436732580651491453e-02
2.845922072481696721e-02
1.407671008977408843e-02
9.715419978104863975e-06
8.267092529010191745e-03
2.700166091795590945e-02
3.586456272291345306e-03
3.678563499217331334e-02
1.155784715380298651e-04
7.002919165586087014e-02
1.070294416380186252e-03
4.547487215067895147e-03
1.780835621702693203e-02
2.382709693055340763e-03
6.376213282253485708e-03
2.477708383184694385e-02
4.198109000083798809e-02
9.734769199965374767e-05
2.648339544585168875e-02
1.009029872618849924e-02
9.340439420916243560e-03
8.262055860955408448e-02
2.798615944481286973e-03
1.298884152433082853e-04
1.264826148761212000e-02
5.032752467761323310e-03
6.086570420073215970e-02
3.261287580440449391e-02
5.568442790321939673e-02
8.379150901629520316e-04
1.175764013399042962e-02
1.248861080261755990e-03
8.059858140808117159e-04
3.284952798721820725e-03
5.863755355314064204e-04
1.337785672350864192e-03
1.137456054613418012e-02
5.190238486942140282e-06
1.065107278601349922e-03
1.065568954196774573e-03
2.248434024841293802e-02
1.476313778154096645e-02
1.614552410882655331e-02
6.451499658625337507e-04
2.127364446545261176e-02
5.544824096158397497e-03
4.123779534825788851e-03
8.223294882989253679e-03
3.899166515148794632e-03
2.564455309578770811e-02
1.192633015295869840e-02
5.535230319691768642e-04
1.151639876710449685e-02
5.901499274802980873e-03
6.509056760806754272e-02
4.333689410419871752e-04
7.181615330289829041e-03
6.341027032538155278e-03
1.186397514432209303e-02
6.292872554359803423e-03
1.376011676849757913e-02
5.384514310739186953e-03
1.032008550305384131e-02
9.722103088146543723e-07
9.204805417731816991e-06
7.010279857559943370e-05
1.351209292756741997e-04
2.264559971142921207e-04
3.075767970619714352e-04
2.705950359796412095e-05
3.363859384224287527e-05
2.934585827056092294e-07
3.446280674150840080e-07
0.000000000000000000e+00
0.000000000000000000e+00
0.000000000000000000e+00
0.000000000000000000e+00
0.000000000000000000e+00
0.000000000000000000e+00
0.000000000000000000e+00
0.000000000000000000e+00
0.000000000000000000e+00

