1
0.000000000000000000e+00

1
1.165922381636101512e+00

1
2.246905423994297823e+00

1
2.941089628283896307e+00

1
4.022485637102742650e+00

1
5.145968844043560253e+00

1
5.950591002704999966e+00

1
7.005398519909505239e+00

1
8.110980013022553337e+00

1
8.956361685692234786e+00

1
9.999806784862498077e+00

1
1.109230481422972225e+01

1
1.196037893103206429e+01

1
1.299730305349155302e+01

1
1.408038103692580734e+01

1
1.496339690356586516e+01

1
1.599599928419066686e+01

1
1.707197245826566245e+01

1
1.796577843095052529e+01

1
1.899526160566804478e+01

1
2.006565483048439091e+01

