1
0.000000000000000000e+00

1
1.049266796708390848e+00

1
2.076904413245917347e+00

1
2.941233714364825502e+00

1
3.958051325298587830e+00

1
5.026762373300285525e+00

1
5.989062095005369457e+00

1
6.964403576900282111e+00

1
7.969170093652958364e+00

1
8.859953692105330347e+00

1
9.724490547815332064e+00

1
1.059547851981282918e+01

1
1.142096790297712516e+01

1
1.221134247423730557e+01

1
1.300229699179642395e+01

1
1.374699203120606228e+01

1
1.451667918762100307e+01

1
1.524960267585975693e+01

1
1.596156685057275659e+01

1
1.670574639628174651e+01

1
1.737013765306641844e+01

